plume_height,log_mass
7500.0,25.328436022934504
7500.0,25.328436022934504
7681.2637938108965,25.060914199020075
7681.2637938108965,25.060914199020075
7371.47123283468,24.84881340007011
7208.526332398559,24.796339903555502
7272.966665463127,24.539809221849783
7272.966665463127,24.539809221849783
7272.966665463127,24.539809221849783
6945.505284097299,24.70457691488909
6945.505284097299,24.70457691488909
6945.505284097299,24.70457691488909
6945.505284097299,24.70457691488909
6945.505284097299,24.70457691488909
7160.450484994033,24.613796406186886
7160.450484994033,24.613796406186886
7160.450484994033,24.613796406186886
7385.502860430499,24.64808822010908
7385.502860430499,24.64808822010908
7385.502860430499,24.64808822010908
7385.502860430499,24.64808822010908
7297.752396406557,24.678575235319315
7297.752396406557,24.678575235319315
7597.845034138845,24.507804554280984
7674.668623831669,24.55367725029215
7674.668623831669,24.55367725029215
7674.668623831669,24.55367725029215
7674.668623831669,24.55367725029215
7674.668623831669,24.55367725029215
8132.436799502703,24.483439345074597
8277.079478831125,24.7881661072084
8277.079478831125,24.7881661072084
8277.079478831125,24.7881661072084
8277.079478831125,24.7881661072084
8277.079478831125,24.7881661072084
8277.079478831125,24.7881661072084
8277.079478831125,24.7881661072084
8277.079478831125,24.7881661072084
8212.405707640643,24.4535701513868
8096.53072424004,24.55813294573259
8096.53072424004,24.55813294573259
8096.53072424004,24.55813294573259
8096.53072424004,24.55813294573259
8256.493598110419,24.686727069411646
8256.493598110419,24.686727069411646
8256.493598110419,24.686727069411646
8256.493598110419,24.686727069411646
8448.711792329981,24.67989357881682
8448.711792329981,24.67989357881682
8448.711792329981,24.67989357881682
8448.711792329981,24.67989357881682
8448.711792329981,24.67989357881682
8448.711792329981,24.67989357881682
8660.44828253831,24.65926413585395
8660.44828253831,24.65926413585395
8660.44828253831,24.65926413585395
8660.44828253831,24.65926413585395
8660.44828253831,24.65926413585395
8999.972474300557,24.504073685274577
8999.972474300557,24.504073685274577
9238.953977816147,24.64098814536896
8928.628639701063,24.57527126712718
8965.05806875354,24.635770732533754
8965.05806875354,24.635770732533754
8965.05806875354,24.635770732533754
8965.05806875354,24.635770732533754
8965.05806875354,24.635770732533754
8936.644961521211,24.536099823868685
8936.644961521211,24.536099823868685
8936.644961521211,24.536099823868685
8936.644961521211,24.536099823868685
8936.644961521211,24.536099823868685
8484.77818807087,24.59987273100449
8484.77818807087,24.59987273100449
8484.77818807087,24.59987273100449
8378.42153044189,24.565803683047815
8378.42153044189,24.565803683047815
8279.332272990916,24.61274868031122
8322.18149125623,24.559278056225946
8322.18149125623,24.559278056225946
8436.874539698938,24.607934625899166
8436.874539698938,24.607934625899166
8436.874539698938,24.607934625899166
8184.813020398283,24.582315844342272
8184.813020398283,24.582315844342272
8184.813020398283,24.582315844342272
8184.813020398283,24.582315844342272
8184.813020398283,24.582315844342272
8184.813020398283,24.582315844342272
8184.813020398283,24.582315844342272
8184.813020398283,24.582315844342272
8184.813020398283,24.582315844342272
8184.813020398283,24.582315844342272
8184.813020398283,24.582315844342272
8184.813020398283,24.582315844342272
8184.813020398283,24.582315844342272
8184.813020398283,24.582315844342272
8672.775823200589,24.648127737638156
8672.775823200589,24.648127737638156
8672.775823200589,24.648127737638156
8318.94550671944,24.697244304418753
8318.94550671944,24.697244304418753
8577.242452711474,24.67853627998439
8577.242452711474,24.67853627998439
8577.242452711474,24.67853627998439
8847.600843412609,24.614087054099954
9017.885916750856,24.72604701586695
8999.39122724786,24.71606500612322
8999.39122724786,24.71606500612322
8999.39122724786,24.71606500612322
8999.39122724786,24.71606500612322
8297.064115462048,24.502556002770213
8016.522482471681,24.583848917504127
8209.81266389029,24.508357715214764
8131.337759481675,24.610322602745356
8131.337759481675,24.610322602745356
8131.337759481675,24.610322602745356
8131.337759481675,24.610322602745356
8131.337759481675,24.610322602745356
8131.337759481675,24.610322602745356
8131.337759481675,24.610322602745356
8131.337759481675,24.610322602745356
8131.337759481675,24.610322602745356
8131.337759481675,24.610322602745356
8131.337759481675,24.610322602745356
8131.337759481675,24.610322602745356
8131.337759481675,24.610322602745356
8131.337759481675,24.610322602745356
8131.337759481675,24.610322602745356
8131.337759481675,24.610322602745356
8131.337759481675,24.610322602745356
7722.347476289789,24.77210528727938
7722.347476289789,24.77210528727938
7536.825161528329,24.73891183158512
7536.825161528329,24.73891183158512
7536.825161528329,24.73891183158512
7536.825161528329,24.73891183158512
7536.825161528329,24.73891183158512
7536.825161528329,24.73891183158512
7536.825161528329,24.73891183158512
7536.825161528329,24.73891183158512
7536.825161528329,24.73891183158512
7691.169788111882,24.744283311303743
7864.0766596978865,24.71485760533746
7864.0766596978865,24.71485760533746
7864.0766596978865,24.71485760533746
7864.0766596978865,24.71485760533746
7951.811738779028,24.523012298619932
7951.811738779028,24.523012298619932
7951.811738779028,24.523012298619932
7977.048787721051,24.52931988163452
7812.06970709617,24.76397367381753
7812.06970709617,24.76397367381753
7812.06970709617,24.76397367381753
7812.06970709617,24.76397367381753
7812.06970709617,24.76397367381753
7812.06970709617,24.76397367381753
7812.06970709617,24.76397367381753
7467.400778776091,24.699197987130578
7467.400778776091,24.699197987130578
7321.379102591913,24.74711513319543
7321.379102591913,24.74711513319543
7133.759093698049,24.584189470541045
7133.759093698049,24.584189470541045
7133.759093698049,24.584189470541045
7133.759093698049,24.584189470541045
7133.759093698049,24.584189470541045
7133.759093698049,24.584189470541045
6981.774934052022,24.596382963348344
6981.774934052022,24.596382963348344
6981.774934052022,24.596382963348344
7369.956894197804,24.747029352415307
7369.956894197804,24.747029352415307
7369.956894197804,24.747029352415307
7219.602422043045,24.72542560661516
7063.415411692086,24.70155049365367
6802.777738168775,24.656060737697153
6802.777738168775,24.656060737697153
6802.777738168775,24.656060737697153
6802.777738168775,24.656060737697153
6802.777738168775,24.656060737697153
6802.777738168775,24.656060737697153
6802.777738168775,24.656060737697153
6967.620483407642,24.724840681076547
6967.620483407642,24.724840681076547
6967.620483407642,24.724840681076547
6967.620483407642,24.724840681076547
6967.620483407642,24.724840681076547
6967.620483407642,24.724840681076547
6976.156471215854,24.764295165125322
6976.156471215854,24.764295165125322
6976.156471215854,24.764295165125322
6976.156471215854,24.764295165125322
6976.156471215854,24.764295165125322
6976.156471215854,24.764295165125322
6899.438288158495,24.64829326055476
6899.438288158495,24.64829326055476
6899.438288158495,24.64829326055476
6657.691960021735,24.645739853266964
6657.691960021735,24.645739853266964
6657.691960021735,24.645739853266964
7119.992458032963,24.505744608679287
6907.5500311980795,24.76572837394499
6907.5500311980795,24.76572837394499
6907.5500311980795,24.76572837394499
7163.434474378477,24.825756881056638
7163.434474378477,24.825756881056638
7163.434474378477,24.825756881056638
7722.0313979010025,24.691794207488805
7722.0313979010025,24.691794207488805
7722.0313979010025,24.691794207488805
7654.157637600936,24.716767138200492
7654.157637600936,24.716767138200492
8251.263709480292,24.594601397241185
8227.798356005285,24.619678468570413
8322.548659663793,24.79842152836161
8092.266076587577,24.79772255636432
8092.266076587577,24.79772255636432
8092.266076587577,24.79772255636432
8092.266076587577,24.79772255636432
8092.266076587577,24.79772255636432
8092.266076587577,24.79772255636432
8020.32796117105,24.804115668079824
8020.32796117105,24.804115668079824
8020.32796117105,24.804115668079824
7902.8227196514745,24.767367303157027
7902.8227196514745,24.767367303157027
7902.8227196514745,24.767367303157027
7902.8227196514745,24.767367303157027
7902.8227196514745,24.767367303157027
7709.974989164677,24.601776875589564
7809.387753667541,24.61983370343141
7809.387753667541,24.61983370343141
8208.070427918548,24.691670470665144
8208.070427918548,24.691670470665144
8208.070427918548,24.691670470665144
8208.070427918548,24.691670470665144
8208.070427918548,24.691670470665144
8632.009256720754,24.628179515258857
8666.767231730457,24.706994168963607
8666.767231730457,24.706994168963607
8666.767231730457,24.706994168963607
8666.767231730457,24.706994168963607
8596.229139468958,24.67365650913606
8596.229139468958,24.67365650913606
8596.229139468958,24.67365650913606
8596.229139468958,24.67365650913606
8596.229139468958,24.67365650913606
8290.689276005593,24.551895362871143
8290.689276005593,24.551895362871143
8290.689276005593,24.551895362871143
8290.689276005593,24.551895362871143
8290.689276005593,24.551895362871143
8290.689276005593,24.551895362871143
8376.393025118192,24.547581458588457
8731.94531185579,24.610028044941142
8523.35631934578,24.571187723890556
8523.35631934578,24.571187723890556
8165.927721024984,24.703572749741802
8165.927721024984,24.703572749741802
8165.927721024984,24.703572749741802
8165.927721024984,24.703572749741802
7819.601966831012,24.716647480056935
7819.601966831012,24.716647480056935
7819.601966831012,24.716647480056935
7480.785928641465,24.75354379538404
7096.964316654786,24.526346213296943
7096.964316654786,24.526346213296943
7096.964316654786,24.526346213296943
7096.964316654786,24.526346213296943
7096.964316654786,24.526346213296943
7501.545716116554,24.647796206781603
7501.545716116554,24.647796206781603
7501.545716116554,24.647796206781603
7501.545716116554,24.647796206781603
7501.545716116554,24.647796206781603
7501.545716116554,24.647796206781603
7501.545716116554,24.647796206781603
7501.545716116554,24.647796206781603
7618.731302040175,24.586618431295406
7618.731302040175,24.586618431295406
7495.5580813226325,24.744482606294618
7817.887092505474,24.787512084275765
7817.887092505474,24.787512084275765
7774.961831619473,24.566556743339454
7774.961831619473,24.566556743339454
7953.796165523963,24.740381400513293
7953.796165523963,24.740381400513293
7953.796165523963,24.740381400513293
7726.604245486709,24.688139600743575
7726.604245486709,24.688139600743575
7726.604245486709,24.688139600743575
7726.604245486709,24.688139600743575
7726.604245486709,24.688139600743575
7680.733542967465,24.792743256311606
7680.733542967465,24.792743256311606
7913.469354624998,24.476607171281724
7913.469354624998,24.476607171281724
7273.408938235632,24.639220466411903
7360.11079690788,24.69672389164667
7360.11079690788,24.69672389164667
7360.11079690788,24.69672389164667
7215.822807706437,24.61518705661688
7425.233553945473,24.672646266807384
7425.233553945473,24.672646266807384
7425.233553945473,24.672646266807384
7614.830595104112,24.668167133290552
7614.830595104112,24.668167133290552
7614.830595104112,24.668167133290552
7614.830595104112,24.668167133290552
7614.830595104112,24.668167133290552
7508.848892579441,24.625178098608423
7508.848892579441,24.625178098608423
7328.012118836344,24.676991033402274
7328.012118836344,24.676991033402274
7328.012118836344,24.676991033402274
7151.752741398697,24.64945147344612
7151.752741398697,24.64945147344612
7151.752741398697,24.64945147344612
7151.752741398697,24.64945147344612
7151.752741398697,24.64945147344612
7223.594291840434,24.569872926423383
7349.2627419556675,24.68892864944202
7349.2627419556675,24.68892864944202
7462.877139054157,24.651871449594584
7553.94940707486,24.650912742511906
7471.3022783482775,24.69670108387094
7471.3022783482775,24.69670108387094
7471.3022783482775,24.69670108387094
7471.3022783482775,24.69670108387094
7471.3022783482775,24.69670108387094
7471.3022783482775,24.69670108387094
7471.3022783482775,24.69670108387094
7471.3022783482775,24.69670108387094
7471.3022783482775,24.69670108387094
7739.3121162562475,24.568854704650686
7739.3121162562475,24.568854704650686
7739.3121162562475,24.568854704650686
7739.3121162562475,24.568854704650686
7739.3121162562475,24.568854704650686
7739.3121162562475,24.568854704650686
7739.3121162562475,24.568854704650686
7859.249011557845,24.584851180004936
7859.249011557845,24.584851180004936
7859.249011557845,24.584851180004936
7615.889345315062,24.704587552518888
7174.269604085756,24.711108370057108
7174.269604085756,24.711108370057108
7174.269604085756,24.711108370057108
7174.269604085756,24.711108370057108
7829.327978148565,24.556162476110682
7829.327978148565,24.556162476110682
7829.327978148565,24.556162476110682
7829.327978148565,24.556162476110682
7829.327978148565,24.556162476110682
8027.092087209936,24.52035870847136
7905.8839542292935,24.557193084693473
7905.8839542292935,24.557193084693473
7905.8839542292935,24.557193084693473
7905.8839542292935,24.557193084693473
7905.8839542292935,24.557193084693473
7647.820059961187,24.71083448827363
7647.820059961187,24.71083448827363
7647.820059961187,24.71083448827363
7588.092964653995,24.656611978823523
7588.092964653995,24.656611978823523
7588.092964653995,24.656611978823523
7588.092964653995,24.656611978823523
7588.092964653995,24.656611978823523
7488.058947373514,24.57955465458936
7488.058947373514,24.57955465458936
7488.058947373514,24.57955465458936
7488.058947373514,24.57955465458936
7614.338531042437,24.586416561152838
7614.338531042437,24.586416561152838
7614.338531042437,24.586416561152838
7927.700005219001,24.630773931334193
8235.937103149849,24.659956585509235
8235.937103149849,24.659956585509235
8235.937103149849,24.659956585509235
8235.937103149849,24.659956585509235
8235.937103149849,24.659956585509235
8235.937103149849,24.659956585509235
8037.126649699376,24.621287260117377
8037.126649699376,24.621287260117377
8037.126649699376,24.621287260117377
8037.126649699376,24.621287260117377
8037.126649699376,24.621287260117377
8037.126649699376,24.621287260117377
8037.126649699376,24.621287260117377
8037.126649699376,24.621287260117377
8037.126649699376,24.621287260117377
8037.126649699376,24.621287260117377
8037.126649699376,24.621287260117377
8037.126649699376,24.621287260117377
8690.133477694579,24.566599347913417
8690.133477694579,24.566599347913417
8690.133477694579,24.566599347913417
8460.54808822442,24.66847576530567
8460.54808822442,24.66847576530567
8460.54808822442,24.66847576530567
8460.54808822442,24.66847576530567
8460.54808822442,24.66847576530567
8460.54808822442,24.66847576530567
8460.54808822442,24.66847576530567
8460.54808822442,24.66847576530567
8460.54808822442,24.66847576530567
8460.54808822442,24.66847576530567
8211.931943075027,24.59222150809255
8211.931943075027,24.59222150809255
8211.931943075027,24.59222150809255
8211.931943075027,24.59222150809255
7820.2135341476405,24.608763695956046
7820.2135341476405,24.608763695956046
7820.2135341476405,24.608763695956046
7820.2135341476405,24.608763695956046
7820.2135341476405,24.608763695956046
7685.281492627595,24.595394829417184
7685.281492627595,24.595394829417184
7685.281492627595,24.595394829417184
7685.281492627595,24.595394829417184
7685.281492627595,24.595394829417184
7685.281492627595,24.595394829417184
7685.281492627595,24.595394829417184
7685.281492627595,24.595394829417184
7569.594204562992,24.664481139330356
7569.594204562992,24.664481139330356
7569.594204562992,24.664481139330356
7619.960103981389,24.71582118022013
7674.571167345786,24.562708948480708
7169.688387017621,24.547724819445197
7169.688387017621,24.547724819445197
7169.688387017621,24.547724819445197
7169.688387017621,24.547724819445197
7439.684998063864,24.693068202050316
7713.2766827091655,24.572155163670363
7713.2766827091655,24.572155163670363
7713.2766827091655,24.572155163670363
7694.858578681657,24.707173004764094
7694.858578681657,24.707173004764094
7694.858578681657,24.707173004764094
7694.858578681657,24.707173004764094
7694.858578681657,24.707173004764094
7694.858578681657,24.707173004764094
7694.858578681657,24.707173004764094
7474.243642576033,24.57778759887959
7474.243642576033,24.57778759887959
7474.243642576033,24.57778759887959
7474.243642576033,24.57778759887959
7474.243642576033,24.57778759887959
7209.062613842527,24.644331029887017
7209.062613842527,24.644331029887017
7209.062613842527,24.644331029887017
7209.062613842527,24.644331029887017
7209.062613842527,24.644331029887017
7209.062613842527,24.644331029887017
7264.556995257809,24.66552159034615
7264.556995257809,24.66552159034615
7264.556995257809,24.66552159034615
7264.556995257809,24.66552159034615
7264.556995257809,24.66552159034615
7264.556995257809,24.66552159034615
7264.556995257809,24.66552159034615
7277.338052201803,24.616459717734887
7277.338052201803,24.616459717734887
7277.338052201803,24.616459717734887
7277.338052201803,24.616459717734887
7277.338052201803,24.616459717734887
7277.338052201803,24.616459717734887
7277.338052201803,24.616459717734887
7680.784567023331,24.578813309069883
7680.784567023331,24.578813309069883
7680.784567023331,24.578813309069883
7680.784567023331,24.578813309069883
7680.784567023331,24.578813309069883
7328.212203977117,24.586427203150215
7325.603873975789,24.688965290632293
7325.603873975789,24.688965290632293
7325.603873975789,24.688965290632293
6876.318965839361,24.73707686265336
6876.318965839361,24.73707686265336
6762.1915518554615,24.63415306680353
6762.1915518554615,24.63415306680353
6762.1915518554615,24.63415306680353
6762.1915518554615,24.63415306680353
6762.1915518554615,24.63415306680353
6780.436349450711,24.60348616688873
7026.338364428948,24.529979142889886
7026.338364428948,24.529979142889886
7320.731691820614,24.52195315072678
7944.020863466413,24.573022227593373
7830.593027432915,24.572160609077265
7830.593027432915,24.572160609077265
7830.593027432915,24.572160609077265
7830.593027432915,24.572160609077265
7830.593027432915,24.572160609077265
7830.593027432915,24.572160609077265
7830.593027432915,24.572160609077265
7830.593027432915,24.572160609077265
7830.593027432915,24.572160609077265
7830.593027432915,24.572160609077265
7830.593027432915,24.572160609077265
7830.593027432915,24.572160609077265
7830.593027432915,24.572160609077265
7830.593027432915,24.572160609077265
7830.593027432915,24.572160609077265
8382.318481036054,24.632348877436243
8382.318481036054,24.632348877436243
8241.11900175678,24.721397464020132
8241.11900175678,24.721397464020132
8302.048312185334,24.611761753659934
8302.048312185334,24.611761753659934
8302.048312185334,24.611761753659934
8302.048312185334,24.611761753659934
8302.048312185334,24.611761753659934
8302.048312185334,24.611761753659934
8302.048312185334,24.611761753659934
8302.048312185334,24.611761753659934
8302.048312185334,24.611761753659934
8302.048312185334,24.611761753659934
8302.048312185334,24.611761753659934
8302.048312185334,24.611761753659934
8302.048312185334,24.611761753659934
7862.368035063048,24.682562223784508
7862.368035063048,24.682562223784508
7862.368035063048,24.682562223784508
7862.368035063048,24.682562223784508
7862.368035063048,24.682562223784508
8188.715896082279,24.789811172592845
8188.715896082279,24.789811172592845
8188.715896082279,24.789811172592845
8188.715896082279,24.789811172592845
8343.659783357994,24.630977169658575
8343.659783357994,24.630977169658575
8285.87906067607,24.64549451734998
8285.87906067607,24.64549451734998
8285.87906067607,24.64549451734998
8285.87906067607,24.64549451734998
8285.87906067607,24.64549451734998
8285.87906067607,24.64549451734998
8285.87906067607,24.64549451734998
7824.148596668355,24.666062589170842
7832.244215632842,24.66078016834402
7832.244215632842,24.66078016834402
7832.244215632842,24.66078016834402
7832.244215632842,24.66078016834402
7832.244215632842,24.66078016834402
7832.244215632842,24.66078016834402
7832.244215632842,24.66078016834402
7832.244215632842,24.66078016834402
7832.244215632842,24.66078016834402
7414.8425721028125,24.62497754163436
7414.8425721028125,24.62497754163436
7414.8425721028125,24.62497754163436
7414.8425721028125,24.62497754163436
7414.8425721028125,24.62497754163436
7794.896638614691,24.680918253813072
7794.896638614691,24.680918253813072
7794.896638614691,24.680918253813072
7794.896638614691,24.680918253813072
7734.699333877842,24.56109266918403
7976.3595998164565,24.66912012165506
7976.3595998164565,24.66912012165506
7976.3595998164565,24.66912012165506
7976.3595998164565,24.66912012165506
7673.70590471874,24.535064853368773
7673.70590471874,24.535064853368773
7673.70590471874,24.535064853368773
7673.70590471874,24.535064853368773
7673.70590471874,24.535064853368773
7673.70590471874,24.535064853368773
7673.70590471874,24.535064853368773
7673.70590471874,24.535064853368773
7673.70590471874,24.535064853368773
7673.70590471874,24.535064853368773
7673.70590471874,24.535064853368773
7693.896441649495,24.650929132804666
7397.803924881115,24.606280904379737
7397.803924881115,24.606280904379737
7674.02729334241,24.556117734024316
7674.02729334241,24.556117734024316
7674.02729334241,24.556117734024316
7674.02729334241,24.556117734024316
7138.8369569833585,24.63224073384512
7138.8369569833585,24.63224073384512
7005.125786381364,24.627402844616945
7005.125786381364,24.627402844616945
7005.125786381364,24.627402844616945
7005.125786381364,24.627402844616945
7005.125786381364,24.627402844616945
7005.125786381364,24.627402844616945
7005.125786381364,24.627402844616945
7005.125786381364,24.627402844616945
7005.125786381364,24.627402844616945
7005.125786381364,24.627402844616945
7005.125786381364,24.627402844616945
7080.757393854035,24.60912627916396
7080.757393854035,24.60912627916396
7080.757393854035,24.60912627916396
7495.23525606277,24.667711919678954
7276.588914846262,24.582282545844937
7509.180785612273,24.649283165869836
7509.180785612273,24.649283165869836
7730.444954655202,24.711834150727498
7730.444954655202,24.711834150727498
7730.444954655202,24.711834150727498
7730.444954655202,24.711834150727498
7932.765610641292,24.72957917889052
7610.889124570151,24.749076507757504
7171.410444688709,24.630815223615276
7171.410444688709,24.630815223615276
7171.410444688709,24.630815223615276
7535.605370305559,24.6648638716438
7535.605370305559,24.6648638716438
7535.605370305559,24.6648638716438
7535.605370305559,24.6648638716438
7535.605370305559,24.6648638716438
7535.605370305559,24.6648638716438
7587.519938616226,24.65418160257928
7587.519938616226,24.65418160257928
7777.767054205956,24.673566557430323
7777.767054205956,24.673566557430323
7777.767054205956,24.673566557430323
8111.4298574279455,24.7310955859234
8111.4298574279455,24.7310955859234
8111.4298574279455,24.7310955859234
8417.88698931329,24.577918976593914
8256.274325797238,24.58674380624897
8256.274325797238,24.58674380624897
8256.274325797238,24.58674380624897
8256.274325797238,24.58674380624897
8256.274325797238,24.58674380624897
8256.274325797238,24.58674380624897
8256.274325797238,24.58674380624897
7870.656039433864,24.647506692839084
7870.656039433864,24.647506692839084
7870.656039433864,24.647506692839084
7870.656039433864,24.647506692839084
7870.656039433864,24.647506692839084
7870.656039433864,24.647506692839084
7870.656039433864,24.647506692839084
7870.656039433864,24.647506692839084
7870.656039433864,24.647506692839084
7870.656039433864,24.647506692839084
7424.322498199428,24.80969191163699
7459.169292240338,24.480922894873153
7459.169292240338,24.480922894873153
7459.169292240338,24.480922894873153
7459.169292240338,24.480922894873153
7459.169292240338,24.480922894873153
7459.169292240338,24.480922894873153
7728.666713938538,24.64735038503494
7731.119479458956,24.61426178579891
7731.119479458956,24.61426178579891
7565.3904988879585,24.67826488041026
7948.381812149136,24.63584514907022
7948.381812149136,24.63584514907022
7680.081368775206,24.62019834821399
7680.081368775206,24.62019834821399
7680.081368775206,24.62019834821399
7890.474379312811,24.668845618213947
7890.474379312811,24.668845618213947
7890.474379312811,24.668845618213947
7890.474379312811,24.668845618213947
7454.567649493616,24.64582543360837
7454.567649493616,24.64582543360837
7454.567649493616,24.64582543360837
7454.567649493616,24.64582543360837
7454.567649493616,24.64582543360837
7454.567649493616,24.64582543360837
7454.567649493616,24.64582543360837
7696.323597632271,24.668287474267743
7696.323597632271,24.668287474267743
8005.417644645496,24.597973731201996
8005.417644645496,24.597973731201996
8005.417644645496,24.597973731201996
8005.417644645496,24.597973731201996
7760.582948458649,24.654793947528066
8040.790035665706,24.737103616267557
8040.790035665706,24.737103616267557
8040.790035665706,24.737103616267557
8040.790035665706,24.737103616267557
7746.595104976905,24.5411510580541
7746.595104976905,24.5411510580541
7580.230742063101,24.726831672248792
7580.230742063101,24.726831672248792
7580.230742063101,24.726831672248792
7580.230742063101,24.726831672248792
7580.230742063101,24.726831672248792
7023.166784704672,24.649466156693716
7023.166784704672,24.649466156693716
7160.401142083854,24.570454862234026
7055.54047207315,24.63694505953003
6800.207922765588,24.645087313678513
7182.715015068396,24.61745295891302
7182.715015068396,24.61745295891302
7001.462858634708,24.612911821998424
7001.462858634708,24.612911821998424
7001.462858634708,24.612911821998424
7001.462858634708,24.612911821998424
7001.462858634708,24.612911821998424
7114.128795982094,24.751032415797336
7281.471598184909,24.78640548111606
7281.471598184909,24.78640548111606
7281.471598184909,24.78640548111606
7281.471598184909,24.78640548111606
7281.471598184909,24.78640548111606
7281.471598184909,24.78640548111606
7875.151031677219,24.684567930681553
7875.151031677219,24.684567930681553
7875.151031677219,24.684567930681553
7875.151031677219,24.684567930681553
7875.151031677219,24.684567930681553
7875.151031677219,24.684567930681553
7826.0752132571515,24.659804006178014
7580.901114057144,24.721735518149337
7580.901114057144,24.721735518149337
7580.901114057144,24.721735518149337
7580.901114057144,24.721735518149337
7580.901114057144,24.721735518149337
7580.901114057144,24.721735518149337
7606.398652416628,24.751687521989197
7606.398652416628,24.751687521989197
7606.398652416628,24.751687521989197
7606.398652416628,24.751687521989197
7606.398652416628,24.751687521989197
7606.398652416628,24.751687521989197
7651.189320912919,24.692116426229944
7467.438422633946,24.6521341806757
7467.438422633946,24.6521341806757
7467.438422633946,24.6521341806757
7588.526855989807,24.590396256683896
7588.526855989807,24.590396256683896
7588.526855989807,24.590396256683896
7544.598238383085,24.544878493433934
8085.27038310951,24.64677705305167
7625.110002095267,24.643653548224982
7625.110002095267,24.643653548224982
7625.110002095267,24.643653548224982
7625.110002095267,24.643653548224982
7625.110002095267,24.643653548224982
7402.5125130510505,24.580791934140223
7402.5125130510505,24.580791934140223
7402.5125130510505,24.580791934140223
7402.5125130510505,24.580791934140223
7402.5125130510505,24.580791934140223
7402.5125130510505,24.580791934140223
7402.5125130510505,24.580791934140223
7402.5125130510505,24.580791934140223
7402.5125130510505,24.580791934140223
7402.5125130510505,24.580791934140223
8097.875348416743,24.693404410398994
8097.875348416743,24.693404410398994
8097.875348416743,24.693404410398994
8097.875348416743,24.693404410398994
8097.875348416743,24.693404410398994
7563.791944285547,24.65147662956502
7563.791944285547,24.65147662956502
7439.777063375184,24.714341407387614
7439.777063375184,24.714341407387614
7439.777063375184,24.714341407387614
7439.777063375184,24.714341407387614
7439.777063375184,24.714341407387614
7439.777063375184,24.714341407387614
7439.777063375184,24.714341407387614
7266.973403138145,24.785819067686376
7097.080879142129,24.441961802331427
7097.080879142129,24.441961802331427
6472.596448788727,24.579902905253512
6633.9749040104325,24.611573563889003
6633.9749040104325,24.611573563889003
6633.9749040104325,24.611573563889003
6633.9749040104325,24.611573563889003
6633.9749040104325,24.611573563889003
6633.9749040104325,24.611573563889003
6559.724987871077,24.623347663005752
6402.6479221752625,24.682249394121705
6402.6479221752625,24.682249394121705
6402.6479221752625,24.682249394121705
6626.735683835661,24.60931889992989
6626.735683835661,24.60931889992989
6626.735683835661,24.60931889992989
6626.735683835661,24.60931889992989
6626.735683835661,24.60931889992989
6853.394131885977,24.7971786985483
6853.394131885977,24.7971786985483
6853.394131885977,24.7971786985483
6853.394131885977,24.7971786985483
6863.9291429111,24.692623583741586
6863.9291429111,24.692623583741586
6863.9291429111,24.692623583741586
6863.9291429111,24.692623583741586
6863.9291429111,24.692623583741586
6863.9291429111,24.692623583741586
6863.9291429111,24.692623583741586
6863.9291429111,24.692623583741586
6863.9291429111,24.692623583741586
6863.9291429111,24.692623583741586
6863.9291429111,24.692623583741586
6863.9291429111,24.692623583741586
6863.9291429111,24.692623583741586
6996.339566413135,24.700909177536744
7229.039416091876,24.742669559885595
7335.769918937137,24.604251178721476
7335.769918937137,24.604251178721476
7335.769918937137,24.604251178721476
7559.100309008266,24.553921881975974
7564.413861120911,24.680756777139838
7564.413861120911,24.680756777139838
7564.413861120911,24.680756777139838
7564.413861120911,24.680756777139838
7564.413861120911,24.680756777139838
7564.413861120911,24.680756777139838
7564.413861120911,24.680756777139838
7564.413861120911,24.680756777139838
7592.207557669237,24.666089294002436
7592.207557669237,24.666089294002436
7324.093709696562,24.74348256895025
7324.093709696562,24.74348256895025
7324.093709696562,24.74348256895025
7324.093709696562,24.74348256895025
7324.093709696562,24.74348256895025
7324.093709696562,24.74348256895025
7324.093709696562,24.74348256895025
7324.093709696562,24.74348256895025
7324.093709696562,24.74348256895025
7873.904881102571,24.70303097180426
7873.904881102571,24.70303097180426
7956.996500631158,24.593921153255145
7956.996500631158,24.593921153255145
7956.996500631158,24.593921153255145
7956.996500631158,24.593921153255145
7956.996500631158,24.593921153255145
7956.996500631158,24.593921153255145
7956.996500631158,24.593921153255145
7956.996500631158,24.593921153255145
8067.571373828246,24.64782200823152
8067.571373828246,24.64782200823152
8067.571373828246,24.64782200823152
8067.571373828246,24.64782200823152
8067.571373828246,24.64782200823152
8067.571373828246,24.64782200823152
8128.563304961162,24.563417080975615
7777.054062260533,24.61157325157248
7777.054062260533,24.61157325157248
7777.054062260533,24.61157325157248
7777.054062260533,24.61157325157248
7702.288187629121,24.73198367626088
7702.288187629121,24.73198367626088
8273.927054041429,24.782100065559874
8273.927054041429,24.782100065559874
7995.862409395459,24.84186330024694
7995.862409395459,24.84186330024694
7642.3608369515005,24.61927960080501
7642.3608369515005,24.61927960080501
7642.3608369515005,24.61927960080501
7642.3608369515005,24.61927960080501
7426.299360814542,24.61522972662158
7426.299360814542,24.61522972662158
7426.299360814542,24.61522972662158
7373.920898971496,24.69134417927709
7373.920898971496,24.69134417927709
7373.920898971496,24.69134417927709
7373.920898971496,24.69134417927709
7316.445365057929,24.617871737506263
7316.445365057929,24.617871737506263
7316.445365057929,24.617871737506263
7316.445365057929,24.617871737506263
7817.521729101702,24.710897802502807
7817.521729101702,24.710897802502807
7817.521729101702,24.710897802502807
7628.039888209839,24.70825236722147
7628.039888209839,24.70825236722147
7258.8820308919185,24.59843354202295
7258.8820308919185,24.59843354202295
7238.956453062087,24.777689383967875
7329.087855080571,24.676108908132168
7480.104117146959,24.687154116913206
7568.225748955741,24.6461493793056
7568.225748955741,24.6461493793056
7568.225748955741,24.6461493793056
7568.225748955741,24.6461493793056
7196.117536704594,24.747899881069092
7265.532570110666,24.686355331437674
7255.106480745349,24.69421764338002
7255.106480745349,24.69421764338002
7255.106480745349,24.69421764338002
7255.106480745349,24.69421764338002
7255.106480745349,24.69421764338002
7255.106480745349,24.69421764338002
7255.106480745349,24.69421764338002
7255.106480745349,24.69421764338002
7255.106480745349,24.69421764338002
7255.106480745349,24.69421764338002
7255.106480745349,24.69421764338002
7255.106480745349,24.69421764338002
7255.106480745349,24.69421764338002
7255.106480745349,24.69421764338002
7255.106480745349,24.69421764338002
7255.106480745349,24.69421764338002
7255.106480745349,24.69421764338002
7255.106480745349,24.69421764338002
7673.790083335512,24.596051345385842
7673.790083335512,24.596051345385842
7673.790083335512,24.596051345385842
7673.790083335512,24.596051345385842
7673.790083335512,24.596051345385842
7711.029925218514,24.58835736842432
7711.029925218514,24.58835736842432
7711.029925218514,24.58835736842432
7711.029925218514,24.58835736842432
7711.029925218514,24.58835736842432
7774.887583701778,24.555081876333237
7774.887583701778,24.555081876333237
7529.519978089463,24.606826825117167
7529.519978089463,24.606826825117167
7529.519978089463,24.606826825117167
7529.519978089463,24.606826825117167
7529.519978089463,24.606826825117167
7550.04482977787,24.568594353661748
7550.04482977787,24.568594353661748
7610.0185092075135,24.644095542375997
7610.0185092075135,24.644095542375997
7610.0185092075135,24.644095542375997
7610.0185092075135,24.644095542375997
7610.0185092075135,24.644095542375997
7610.0185092075135,24.644095542375997
7610.0185092075135,24.644095542375997
7610.0185092075135,24.644095542375997
7610.0185092075135,24.644095542375997
7610.0185092075135,24.644095542375997
7631.040073226925,24.646052882474827
7631.040073226925,24.646052882474827
7631.040073226925,24.646052882474827
7631.040073226925,24.646052882474827
7631.040073226925,24.646052882474827
7686.395331269513,24.657296854139005
7452.172484486864,24.727493416038737
7452.172484486864,24.727493416038737
7452.172484486864,24.727493416038737
7181.84849815938,24.757534659115287
7181.84849815938,24.757534659115287
7181.84849815938,24.757534659115287
7181.84849815938,24.757534659115287
7181.84849815938,24.757534659115287
7181.84849815938,24.757534659115287
7181.84849815938,24.757534659115287
7181.84849815938,24.757534659115287
7306.171885612313,24.59855569861549
7306.171885612313,24.59855569861549
7306.171885612313,24.59855569861549
7306.171885612313,24.59855569861549
7306.171885612313,24.59855569861549
7306.171885612313,24.59855569861549
7306.171885612313,24.59855569861549
7306.171885612313,24.59855569861549
7306.171885612313,24.59855569861549
7306.171885612313,24.59855569861549
7306.171885612313,24.59855569861549
7215.1796677533775,24.718012133268047
6966.376656739277,24.684887918976575
6966.376656739277,24.684887918976575
6966.376656739277,24.684887918976575
6966.376656739277,24.684887918976575
6966.376656739277,24.684887918976575
7474.596554134859,24.758277882380067
7474.596554134859,24.758277882380067
7474.596554134859,24.758277882380067
7600.412740956639,24.55730621757852
7743.167616583822,24.681681976479013
7456.182320376658,24.727083476450566
7561.209687398119,24.615362092685377
7561.209687398119,24.615362092685377
7561.209687398119,24.615362092685377
7561.209687398119,24.615362092685377
7561.209687398119,24.615362092685377
7561.209687398119,24.615362092685377
7561.209687398119,24.615362092685377
7561.209687398119,24.615362092685377
7561.209687398119,24.615362092685377
7561.209687398119,24.615362092685377
7561.209687398119,24.615362092685377
7561.209687398119,24.615362092685377
7561.209687398119,24.615362092685377
7561.209687398119,24.615362092685377
7561.209687398119,24.615362092685377
7561.209687398119,24.615362092685377
7561.209687398119,24.615362092685377
7294.524973017547,24.7787614102819
7294.524973017547,24.7787614102819
7739.923897308754,24.740563688115255
7739.923897308754,24.740563688115255
7739.923897308754,24.740563688115255
7739.923897308754,24.740563688115255
7866.376918410021,24.74144681381635
7866.376918410021,24.74144681381635
7866.376918410021,24.74144681381635
8120.221119318736,24.650653847550515
8120.221119318736,24.650653847550515
8120.221119318736,24.650653847550515
8221.62925659675,24.61728470888556
8221.62925659675,24.61728470888556
8221.62925659675,24.61728470888556
8221.62925659675,24.61728470888556
8221.62925659675,24.61728470888556
8221.62925659675,24.61728470888556
8221.62925659675,24.61728470888556
8221.62925659675,24.61728470888556
8221.62925659675,24.61728470888556
8221.62925659675,24.61728470888556
8221.62925659675,24.61728470888556
8221.62925659675,24.61728470888556
8221.62925659675,24.61728470888556
8221.62925659675,24.61728470888556
8221.62925659675,24.61728470888556
8221.62925659675,24.61728470888556
8221.62925659675,24.61728470888556
8221.62925659675,24.61728470888556
7858.462156446426,24.584682548735035
7858.462156446426,24.584682548735035
7155.086547802858,24.6504331368795
6882.70863760176,24.59050567233004
6882.70863760176,24.59050567233004
6882.70863760176,24.59050567233004
7217.667656553323,24.67250116861266
7217.667656553323,24.67250116861266
7217.667656553323,24.67250116861266
7217.667656553323,24.67250116861266
7403.472816487655,24.528565322877505
7403.472816487655,24.528565322877505
7286.720878833821,24.76342725660302
7268.268889663584,24.642284963729026
7665.284063062356,24.685855790099644
7665.284063062356,24.685855790099644
7665.284063062356,24.685855790099644
7665.284063062356,24.685855790099644
7665.284063062356,24.685855790099644
7665.284063062356,24.685855790099644
7754.826433227733,24.711384766544953
7754.826433227733,24.711384766544953
7754.826433227733,24.711384766544953
7754.826433227733,24.711384766544953
7754.826433227733,24.711384766544953
7578.915933938578,24.554633387720802
7629.6367673394925,24.642044819152684
7629.6367673394925,24.642044819152684
7629.6367673394925,24.642044819152684
7629.6367673394925,24.642044819152684
7629.6367673394925,24.642044819152684
7629.6367673394925,24.642044819152684
7629.6367673394925,24.642044819152684
7629.6367673394925,24.642044819152684
7510.843543912253,24.575509828405288
7510.843543912253,24.575509828405288
7460.532332843035,24.652849329734174
7460.532332843035,24.652849329734174
7460.532332843035,24.652849329734174
7460.532332843035,24.652849329734174
7395.079692921752,24.638102776477744
7687.793371698287,24.639907097694945
7687.793371698287,24.639907097694945
7687.793371698287,24.639907097694945
7687.793371698287,24.639907097694945
7716.492883690237,24.73270521674374
7517.370202667893,24.7032386894569
7501.855052117431,24.706220389652053
7501.855052117431,24.706220389652053
7501.855052117431,24.706220389652053
7501.855052117431,24.706220389652053
6945.164793746577,24.665474251542328
7025.8804117708,24.64246775226205
7025.8804117708,24.64246775226205
7025.8804117708,24.64246775226205
7054.7743921873225,24.806640668298325
7054.7743921873225,24.806640668298325
7054.7743921873225,24.806640668298325
7054.7743921873225,24.806640668298325
7054.7743921873225,24.806640668298325
7054.7743921873225,24.806640668298325
7054.7743921873225,24.806640668298325
7054.7743921873225,24.806640668298325
6823.274207506107,24.773139010950224
6823.274207506107,24.773139010950224
7296.92264599284,24.773309912479423
7296.92264599284,24.773309912479423
7296.92264599284,24.773309912479423
7296.92264599284,24.773309912479423
7226.620274318556,24.734175532994488
7226.620274318556,24.734175532994488
7226.620274318556,24.734175532994488
7112.815315070781,24.682684406170317
7294.808568415018,24.64508810603824
7314.264187738139,24.584157496501142
7314.264187738139,24.584157496501142
7314.264187738139,24.584157496501142
7314.264187738139,24.584157496501142
7314.264187738139,24.584157496501142
7273.780433161071,24.724167985894773
7179.638462311679,24.738470025908242
7179.638462311679,24.738470025908242
7179.638462311679,24.738470025908242
6964.2057504955155,24.645820058630598
7032.55877322652,24.60965894677675
7032.55877322652,24.60965894677675
7032.55877322652,24.60965894677675
7032.55877322652,24.60965894677675
7032.55877322652,24.60965894677675
7032.55877322652,24.60965894677675
6820.035341014348,24.565553997603452
7122.166129978955,24.511111022683068
7040.268792661776,24.74555844614457
7040.268792661776,24.74555844614457
7252.532225574749,24.813691681577243
7252.532225574749,24.813691681577243
7565.524113638254,24.617201197859806
7565.524113638254,24.617201197859806
7565.524113638254,24.617201197859806
7565.524113638254,24.617201197859806
7565.524113638254,24.617201197859806
7359.819489691813,24.621074711884557
7499.394998235558,24.6911719677019
7261.155312637242,24.73601469725738
7567.664234654527,24.579604319549496
7567.664234654527,24.579604319549496
7920.590900090299,24.62852043784009
7920.590900090299,24.62852043784009
7538.7354363605255,24.766681540217444
7634.355975547838,24.60419350180169
7634.355975547838,24.60419350180169
7634.355975547838,24.60419350180169
7634.355975547838,24.60419350180169
7634.355975547838,24.60419350180169
7634.355975547838,24.60419350180169
7634.355975547838,24.60419350180169
7634.355975547838,24.60419350180169
7634.355975547838,24.60419350180169
7634.355975547838,24.60419350180169
7634.355975547838,24.60419350180169
7634.355975547838,24.60419350180169
7634.355975547838,24.60419350180169
7634.355975547838,24.60419350180169
7634.355975547838,24.60419350180169
7634.355975547838,24.60419350180169
7634.355975547838,24.60419350180169
7634.355975547838,24.60419350180169
7634.355975547838,24.60419350180169
7634.355975547838,24.60419350180169
7587.202029015561,24.6778717826406
7587.202029015561,24.6778717826406
7587.202029015561,24.6778717826406
7587.202029015561,24.6778717826406
7587.202029015561,24.6778717826406
7587.202029015561,24.6778717826406
7587.202029015561,24.6778717826406
7931.311322969476,24.62565477151202
7931.311322969476,24.62565477151202
7931.311322969476,24.62565477151202
7931.311322969476,24.62565477151202
7931.311322969476,24.62565477151202
8046.869884882538,24.61082147700562
7612.798490966399,24.656129846066438
7612.798490966399,24.656129846066438
7612.798490966399,24.656129846066438
7612.798490966399,24.656129846066438
7672.414606085921,24.555631578659675
7436.814439576074,24.544965024316042
7572.750985226506,24.496289924278404
7572.750985226506,24.496289924278404
7361.155664351476,24.77352661268129
7361.155664351476,24.77352661268129
7549.3423653018335,24.574138864434968
7388.309608729418,24.641898629713232
7388.309608729418,24.641898629713232
7559.617772504511,24.634557108434166
7559.617772504511,24.634557108434166
7559.617772504511,24.634557108434166
7953.4583494831,24.545378296672958
7953.4583494831,24.545378296672958
7953.4583494831,24.545378296672958
7953.4583494831,24.545378296672958
8183.021378949616,24.665259678498437
8183.021378949616,24.665259678498437
8129.689438391801,24.727805780739146
8014.894520662668,24.543667415193436
8014.894520662668,24.543667415193436
8014.894520662668,24.543667415193436
8014.894520662668,24.543667415193436
8014.894520662668,24.543667415193436
7777.196471116468,24.56198148610073
7835.353822534944,24.678182266032362
7835.353822534944,24.678182266032362
7835.353822534944,24.678182266032362
7835.353822534944,24.678182266032362
7726.931041412451,24.513286061652295
7726.931041412451,24.513286061652295
7726.931041412451,24.513286061652295
7726.931041412451,24.513286061652295
7726.931041412451,24.513286061652295
7726.931041412451,24.513286061652295
8334.90847069162,24.55249977685353
8334.90847069162,24.55249977685353
8334.90847069162,24.55249977685353
8334.90847069162,24.55249977685353
8355.240863778683,24.569992104541083
8007.623269984216,24.538097415604984
8007.623269984216,24.538097415604984
8007.623269984216,24.538097415604984
8183.763547918439,24.61567034886999
8183.763547918439,24.61567034886999
8183.763547918439,24.61567034886999
8183.763547918439,24.61567034886999
8183.763547918439,24.61567034886999
8183.763547918439,24.61567034886999
7944.117875415303,24.596504460967147
7944.117875415303,24.596504460967147
7779.998723116629,24.59383779176986
7779.998723116629,24.59383779176986
7779.998723116629,24.59383779176986
7779.998723116629,24.59383779176986
7779.998723116629,24.59383779176986
8146.53339813383,24.723509666400613
8146.53339813383,24.723509666400613
8146.53339813383,24.723509666400613
8146.53339813383,24.723509666400613
8146.53339813383,24.723509666400613
7849.314239620572,24.77028534503385
7389.558188373392,24.725060691346773
7389.558188373392,24.725060691346773
7389.558188373392,24.725060691346773
7389.558188373392,24.725060691346773
7346.450492136871,24.720377601045538
7498.7204856647295,24.800005469277075
7498.7204856647295,24.800005469277075
7498.7204856647295,24.800005469277075
7498.7204856647295,24.800005469277075
7498.7204856647295,24.800005469277075
7463.944453056668,24.708696490540333
7374.479392734486,24.598325304264407
7374.479392734486,24.598325304264407
7374.479392734486,24.598325304264407
7972.5221893163325,24.573245976223145
7972.5221893163325,24.573245976223145
7773.874860743144,24.687041546994728
7773.874860743144,24.687041546994728
7773.874860743144,24.687041546994728
7773.874860743144,24.687041546994728
7773.874860743144,24.687041546994728
7667.4966377814635,24.610496975591463
7667.4966377814635,24.610496975591463
7667.4966377814635,24.610496975591463
7667.4966377814635,24.610496975591463
7667.4966377814635,24.610496975591463
7667.4966377814635,24.610496975591463
7667.4966377814635,24.610496975591463
7989.163384868022,24.626845217410263
7989.163384868022,24.626845217410263
7989.163384868022,24.626845217410263
7989.163384868022,24.626845217410263
7989.163384868022,24.626845217410263
7989.163384868022,24.626845217410263
7989.163384868022,24.626845217410263
7704.23496918049,24.614099018510945
7704.23496918049,24.614099018510945
7704.23496918049,24.614099018510945
7704.23496918049,24.614099018510945
7704.23496918049,24.614099018510945
7704.23496918049,24.614099018510945
7614.527145191909,24.521549161843584
7614.527145191909,24.521549161843584
7443.5502365520815,24.623348580984928
7443.5502365520815,24.623348580984928
7443.5502365520815,24.623348580984928
7443.5502365520815,24.623348580984928
7443.5502365520815,24.623348580984928
7443.5502365520815,24.623348580984928
7443.5502365520815,24.623348580984928
7202.267281652602,24.65948403480416
6931.335364655778,24.636504663903267
7005.080519208053,24.798793154605402
7519.53824929226,24.641396194895297
8014.616740588015,24.486383357851533
8014.616740588015,24.486383357851533
7584.3604532249,24.810524108568373
7447.395778161848,24.791049583197704
7439.4427344659,24.58506588002894
7922.707826315231,24.659968348575195
7922.707826315231,24.659968348575195
7922.707826315231,24.659968348575195
7770.172812029442,24.620722051067936
7770.172812029442,24.620722051067936
7770.172812029442,24.620722051067936
7770.172812029442,24.620722051067936
7770.172812029442,24.620722051067936
7770.172812029442,24.620722051067936
7770.172812029442,24.620722051067936
7701.315245248814,24.587392444319125
7701.315245248814,24.587392444319125
7701.315245248814,24.587392444319125
7701.315245248814,24.587392444319125
7701.315245248814,24.587392444319125
7701.315245248814,24.587392444319125
7701.315245248814,24.587392444319125
7856.926702054812,24.71629478411687
7856.926702054812,24.71629478411687
7856.926702054812,24.71629478411687
7856.926702054812,24.71629478411687
7856.926702054812,24.71629478411687
7761.862869642339,24.505830089550876
7761.862869642339,24.505830089550876
7885.601249394892,24.611801503529858
7734.224603750828,24.66506008254592
7734.224603750828,24.66506008254592
7734.224603750828,24.66506008254592
7734.224603750828,24.66506008254592
7734.224603750828,24.66506008254592
7734.224603750828,24.66506008254592
7560.469114043268,24.61975302080123
7560.469114043268,24.61975302080123
8133.49386700872,24.693631313518804
8133.49386700872,24.693631313518804
8133.49386700872,24.693631313518804
7666.350467983517,24.59419046439881
7666.350467983517,24.59419046439881
7666.350467983517,24.59419046439881
7666.350467983517,24.59419046439881
7591.473182935174,24.64413353420709
7591.473182935174,24.64413353420709
7591.473182935174,24.64413353420709
7565.482975343669,24.657092755967128
7565.482975343669,24.657092755967128
7342.443299924522,24.671020047716873
7342.443299924522,24.671020047716873
7342.443299924522,24.671020047716873
7342.443299924522,24.671020047716873
7311.662693495302,24.56051417080322
7311.662693495302,24.56051417080322
7311.662693495302,24.56051417080322
7311.662693495302,24.56051417080322
7311.662693495302,24.56051417080322
7311.662693495302,24.56051417080322
7311.662693495302,24.56051417080322
7311.662693495302,24.56051417080322
7311.662693495302,24.56051417080322
7311.662693495302,24.56051417080322
7311.662693495302,24.56051417080322
7496.402344802723,24.514892652060144
7496.402344802723,24.514892652060144
8097.533654548633,24.681284951200613
8097.533654548633,24.681284951200613
8097.533654548633,24.681284951200613
8097.533654548633,24.681284951200613
8097.533654548633,24.681284951200613
8097.533654548633,24.681284951200613
7996.614169420668,24.62969077877646
7280.239299553283,24.653500572251808
7280.239299553283,24.653500572251808
7280.239299553283,24.653500572251808
7280.239299553283,24.653500572251808
6902.480302096379,24.639455593655015
6902.480302096379,24.639455593655015
7060.233105015671,24.68526612863866
7060.233105015671,24.68526612863866
7060.233105015671,24.68526612863866
6847.423760758732,24.720930613046633
6847.423760758732,24.720930613046633
7041.392825456779,24.69887077664395
7041.392825456779,24.69887077664395
7041.392825456779,24.69887077664395
7041.392825456779,24.69887077664395
6871.1463140571595,24.688415332764162
6871.1463140571595,24.688415332764162
6871.1463140571595,24.688415332764162
6871.1463140571595,24.688415332764162
6871.1463140571595,24.688415332764162
6771.509732487223,24.70929263313143
7634.184834675338,24.541004435790143
7634.184834675338,24.541004435790143
7634.184834675338,24.541004435790143
7634.184834675338,24.541004435790143
7634.184834675338,24.541004435790143
7634.184834675338,24.541004435790143
7634.184834675338,24.541004435790143
7634.184834675338,24.541004435790143
7634.184834675338,24.541004435790143
7579.58149736599,24.706083650109594
7579.58149736599,24.706083650109594
7579.58149736599,24.706083650109594
7579.58149736599,24.706083650109594
8038.656221084461,24.638815739759572
8038.656221084461,24.638815739759572
8038.656221084461,24.638815739759572
8038.656221084461,24.638815739759572
8038.656221084461,24.638815739759572
8038.656221084461,24.638815739759572
7757.783284802233,24.591381882128164
7757.783284802233,24.591381882128164
7757.783284802233,24.591381882128164
7757.783284802233,24.591381882128164
7757.783284802233,24.591381882128164
7621.032519030436,24.52356793438865
7621.032519030436,24.52356793438865
7811.6954759987775,24.565242950092546
7811.6954759987775,24.565242950092546
7811.6954759987775,24.565242950092546
7548.283267103433,24.615175209525496
7548.283267103433,24.615175209525496
7548.283267103433,24.615175209525496
7533.190565385994,24.694208930185276
7533.190565385994,24.694208930185276
7873.068982696368,24.654134706958903
7873.068982696368,24.654134706958903
7873.068982696368,24.654134706958903
7873.068982696368,24.654134706958903
7873.068982696368,24.654134706958903
7873.068982696368,24.654134706958903
7873.068982696368,24.654134706958903
7873.068982696368,24.654134706958903
7873.068982696368,24.654134706958903
7873.068982696368,24.654134706958903
7873.068982696368,24.654134706958903
7873.068982696368,24.654134706958903
8076.571631618746,24.58550281023169
8076.571631618746,24.58550281023169
8076.571631618746,24.58550281023169
8076.571631618746,24.58550281023169
8076.571631618746,24.58550281023169
8337.362183277433,24.62707801589544
8337.362183277433,24.62707801589544
8337.362183277433,24.62707801589544
8337.362183277433,24.62707801589544
8307.72547975426,24.635311609729893
8307.72547975426,24.635311609729893
8307.72547975426,24.635311609729893
8307.72547975426,24.635311609729893
8307.72547975426,24.635311609729893
8307.72547975426,24.635311609729893
8307.72547975426,24.635311609729893
8307.72547975426,24.635311609729893
8307.72547975426,24.635311609729893
8132.477087488367,24.564660558665988
7919.902740630699,24.7231483733859
7919.902740630699,24.7231483733859
7919.902740630699,24.7231483733859
7817.731025074318,24.61871770712975
7817.731025074318,24.61871770712975
7817.731025074318,24.61871770712975
7817.731025074318,24.61871770712975
7817.731025074318,24.61871770712975
7817.091469461397,24.59089178774526
7817.091469461397,24.59089178774526
7817.091469461397,24.59089178774526
7817.091469461397,24.59089178774526
7817.091469461397,24.59089178774526
7817.091469461397,24.59089178774526
7817.091469461397,24.59089178774526
7817.091469461397,24.59089178774526
7817.091469461397,24.59089178774526
7356.879855641568,24.75895853364941
7356.879855641568,24.75895853364941
7356.879855641568,24.75895853364941
7715.4613597225525,24.790425560890842
7214.889969291006,24.77718914522424
7214.889969291006,24.77718914522424
7214.889969291006,24.77718914522424
6894.3838939139005,24.665776051794865
6894.3838939139005,24.665776051794865
6894.3838939139005,24.665776051794865
7052.740880956748,24.59514099104559
7659.807540149161,24.68156638077463
7659.807540149161,24.68156638077463
7659.807540149161,24.68156638077463
7659.807540149161,24.68156638077463
7659.807540149161,24.68156638077463
7659.807540149161,24.68156638077463
7423.957856475033,24.64243683431204
7423.957856475033,24.64243683431204
7423.957856475033,24.64243683431204
7423.957856475033,24.64243683431204
7423.957856475033,24.64243683431204
7423.957856475033,24.64243683431204
7423.957856475033,24.64243683431204
7423.957856475033,24.64243683431204
7423.957856475033,24.64243683431204
7660.472450158208,24.582517082708716
7660.472450158208,24.582517082708716
7660.472450158208,24.582517082708716
7660.472450158208,24.582517082708716
7660.472450158208,24.582517082708716
7660.472450158208,24.582517082708716
7660.472450158208,24.582517082708716
7660.472450158208,24.582517082708716
7730.271168668266,24.70809404640676
7559.701079004443,24.623444154243273
7631.8269779140755,24.573661811337708
7631.8269779140755,24.573661811337708
7631.8269779140755,24.573661811337708
7374.227168430262,24.632393272297996
7374.227168430262,24.632393272297996
7832.939068995559,24.562730320613504
7832.939068995559,24.562730320613504
7832.939068995559,24.562730320613504
7832.939068995559,24.562730320613504
7832.939068995559,24.562730320613504
7231.021948694926,24.69035660245439
7231.021948694926,24.69035660245439
7231.021948694926,24.69035660245439
7231.021948694926,24.69035660245439
7231.021948694926,24.69035660245439
7231.021948694926,24.69035660245439
7231.021948694926,24.69035660245439
7231.021948694926,24.69035660245439
7231.021948694926,24.69035660245439
7393.951388108269,24.612507538415286
7393.951388108269,24.612507538415286
7896.757767731044,24.67759302123883
7876.5550131033715,24.700484139028738
7876.5550131033715,24.700484139028738
7926.905066191685,24.71990910406496
7926.905066191685,24.71990910406496
7609.9333305170885,24.686358433127705
7449.742852108895,24.473781900321207
7804.776946089891,24.790563234985676
7804.776946089891,24.790563234985676
7768.249843374818,24.74969252985541
7768.249843374818,24.74969252985541
7768.249843374818,24.74969252985541
7791.190792884444,24.61327998025339
7791.190792884444,24.61327998025339
7791.190792884444,24.61327998025339
7949.7793916785895,24.681812760735983
7949.7793916785895,24.681812760735983
7949.7793916785895,24.681812760735983
7799.982827568012,24.687095171026606
7799.982827568012,24.687095171026606
7799.982827568012,24.687095171026606
7799.982827568012,24.687095171026606
7799.982827568012,24.687095171026606
7933.36127049553,24.611886210161227
7933.36127049553,24.611886210161227
7933.36127049553,24.611886210161227
7933.36127049553,24.611886210161227
7933.36127049553,24.611886210161227
7933.36127049553,24.611886210161227
7881.227525617314,24.637587449991493
7881.227525617314,24.637587449991493
7881.227525617314,24.637587449991493
7341.5489205370395,24.617961341631766
7341.5489205370395,24.617961341631766
7341.5489205370395,24.617961341631766
7435.884988460429,24.680966731532003
7435.884988460429,24.680966731532003
7435.884988460429,24.680966731532003
7426.885950032788,24.566202108818413
7061.542891914088,24.74520608881733
7061.542891914088,24.74520608881733
7338.474174831731,24.696311580594376
7223.922095566927,24.622512980071928
7075.402213685901,24.632105610466475
7160.914750960465,24.70057348773726
7160.914750960465,24.70057348773726
7160.914750960465,24.70057348773726
7160.914750960465,24.70057348773726
7160.914750960465,24.70057348773726
7160.914750960465,24.70057348773726
7160.914750960465,24.70057348773726
7160.914750960465,24.70057348773726
7160.914750960465,24.70057348773726
7240.681193670449,24.61479547262309
7240.681193670449,24.61479547262309
7267.864097909734,24.632023923998663
7267.864097909734,24.632023923998663
7267.864097909734,24.632023923998663
7267.864097909734,24.632023923998663
7267.864097909734,24.632023923998663
7267.864097909734,24.632023923998663
7267.864097909734,24.632023923998663
7267.864097909734,24.632023923998663
7267.864097909734,24.632023923998663
7267.864097909734,24.632023923998663
7402.282821471476,24.674162420981645
7402.282821471476,24.674162420981645
7402.282821471476,24.674162420981645
7402.282821471476,24.674162420981645
7729.47700132522,24.53350854464939
7729.47700132522,24.53350854464939
7729.47700132522,24.53350854464939
7288.308095537585,24.744472973474657
7288.308095537585,24.744472973474657
7288.308095537585,24.744472973474657
7288.308095537585,24.744472973474657
7510.847796411618,24.522459704540648
7510.847796411618,24.522459704540648
7510.847796411618,24.522459704540648
7959.660606856079,24.75357208653597
7959.660606856079,24.75357208653597
7871.617775318634,24.5504056552667
7767.451828711518,24.644694423285237
7767.451828711518,24.644694423285237
7876.109390575326,24.59076047542713
8126.938220487449,24.697713908587758
8126.938220487449,24.697713908587758
8126.938220487449,24.697713908587758
8126.938220487449,24.697713908587758
8126.938220487449,24.697713908587758
8126.938220487449,24.697713908587758
8126.938220487449,24.697713908587758
8126.938220487449,24.697713908587758
8126.938220487449,24.697713908587758
8126.938220487449,24.697713908587758
8234.168314876266,24.697283507490983
8224.46693767306,24.610555732917646
8224.46693767306,24.610555732917646
8511.356887648102,24.625744655530855
8511.356887648102,24.625744655530855
8511.356887648102,24.625744655530855
8265.346775363263,24.606650519926237
8265.346775363263,24.606650519926237
8265.346775363263,24.606650519926237
8265.346775363263,24.606650519926237
8265.346775363263,24.606650519926237
8265.346775363263,24.606650519926237
8396.604947119038,24.562940706911796
8396.604947119038,24.562940706911796
8396.604947119038,24.562940706911796
8208.87612868027,24.661961008231327
8208.87612868027,24.661961008231327
8208.87612868027,24.661961008231327
8208.87612868027,24.661961008231327
8208.87612868027,24.661961008231327
8462.086662793485,24.630525169547628
8462.086662793485,24.630525169547628
8462.086662793485,24.630525169547628
8462.086662793485,24.630525169547628
8196.64245062614,24.57076916679973
8196.64245062614,24.57076916679973
8196.64245062614,24.57076916679973
8196.64245062614,24.57076916679973
8425.991470635678,24.559648574586706
8368.093702478162,24.70676686583354
8368.093702478162,24.70676686583354
8368.093702478162,24.70676686583354
8230.491699786417,24.64569169414945
8230.491699786417,24.64569169414945
8230.491699786417,24.64569169414945
7819.570902700008,24.577011147542375
7819.570902700008,24.577011147542375
7819.570902700008,24.577011147542375
8010.791676670699,24.655022329725803
8010.791676670699,24.655022329725803
8010.791676670699,24.655022329725803
8010.791676670699,24.655022329725803
8010.791676670699,24.655022329725803
8010.791676670699,24.655022329725803
7921.133430598083,24.69727121459681
8239.462537963018,24.54990514187534
8239.462537963018,24.54990514187534
8239.462537963018,24.54990514187534
8239.462537963018,24.54990514187534
8239.462537963018,24.54990514187534
8239.462537963018,24.54990514187534
8239.462537963018,24.54990514187534
8239.462537963018,24.54990514187534
8176.127436468722,24.569554281857652
8176.127436468722,24.569554281857652
8176.127436468722,24.569554281857652
8176.127436468722,24.569554281857652
8176.127436468722,24.569554281857652
8176.127436468722,24.569554281857652
8176.127436468722,24.569554281857652
8176.127436468722,24.569554281857652
8176.127436468722,24.569554281857652
8176.127436468722,24.569554281857652
8176.127436468722,24.569554281857652
8176.127436468722,24.569554281857652
8176.127436468722,24.569554281857652
7272.491869464058,24.6166266177777
7272.491869464058,24.6166266177777
7272.491869464058,24.6166266177777
7272.491869464058,24.6166266177777
7272.491869464058,24.6166266177777
7272.491869464058,24.6166266177777
7432.775400786646,24.529019293751343
7432.775400786646,24.529019293751343
7089.04135943319,24.735452549719607
7089.04135943319,24.735452549719607
7089.04135943319,24.735452549719607
7089.04135943319,24.735452549719607
7954.3553727554045,24.52470772413007
7954.3553727554045,24.52470772413007
7891.124516425574,24.650098745534038
7404.535440476277,24.666376520571383
7404.535440476277,24.666376520571383
7404.535440476277,24.666376520571383
7404.535440476277,24.666376520571383
7404.535440476277,24.666376520571383
7604.29194202729,24.55570137415449
7604.29194202729,24.55570137415449
7834.154512060582,24.509626708402248
7834.154512060582,24.509626708402248
7834.154512060582,24.509626708402248
8040.744588859427,24.68190975892997
8040.744588859427,24.68190975892997
8040.744588859427,24.68190975892997
8040.744588859427,24.68190975892997
8040.744588859427,24.68190975892997
8265.912276337582,24.61000261998211
8265.912276337582,24.61000261998211
8265.912276337582,24.61000261998211
8265.912276337582,24.61000261998211
8265.912276337582,24.61000261998211
8079.306758775246,24.55243579599611
8079.306758775246,24.55243579599611
7695.511251822392,24.595447505862953
7695.511251822392,24.595447505862953
7695.511251822392,24.595447505862953
7695.511251822392,24.595447505862953
7695.511251822392,24.595447505862953
7466.176646216369,24.672582428385407
7466.176646216369,24.672582428385407
7466.176646216369,24.672582428385407
7466.176646216369,24.672582428385407
7466.176646216369,24.672582428385407
7466.176646216369,24.672582428385407
7466.176646216369,24.672582428385407
6943.45564399711,24.669140489137472
6943.45564399711,24.669140489137472
6943.45564399711,24.669140489137472
6943.45564399711,24.669140489137472
6943.45564399711,24.669140489137472
6943.45564399711,24.669140489137472
7021.9527710769125,24.68230454178713
7021.9527710769125,24.68230454178713
7021.9527710769125,24.68230454178713
7021.9527710769125,24.68230454178713
7021.9527710769125,24.68230454178713
7021.9527710769125,24.68230454178713
7246.785444045644,24.65080052585561
7246.785444045644,24.65080052585561
7246.785444045644,24.65080052585561
7246.785444045644,24.65080052585561
7246.785444045644,24.65080052585561
7246.785444045644,24.65080052585561
7246.785444045644,24.65080052585561
7329.146188695238,24.538833155080322
7329.146188695238,24.538833155080322
7329.146188695238,24.538833155080322
7329.146188695238,24.538833155080322
7000.382426462273,24.59594586397268
7242.188771866049,24.630306274532693
7242.188771866049,24.630306274532693
7242.188771866049,24.630306274532693
7437.902234459821,24.60018901326807
7437.902234459821,24.60018901326807
7288.66929952984,24.655147514738914
7288.66929952984,24.655147514738914
6973.639462398977,24.55850039591157
6973.639462398977,24.55850039591157
7308.705698458707,24.587902557125826
6914.389056590149,24.723012658838233
6914.389056590149,24.723012658838233
6914.389056590149,24.723012658838233
6914.389056590149,24.723012658838233
6914.389056590149,24.723012658838233
7047.054100068379,24.684502184493144
7047.054100068379,24.684502184493144
7047.054100068379,24.684502184493144
7047.054100068379,24.684502184493144
6748.818570300145,24.743520272463144
6909.353294472078,24.64790900975477
7048.420176091177,24.571623782066432
7315.890236524875,24.560463857395458
6927.934128428945,24.611375433525776
6927.934128428945,24.611375433525776
6927.934128428945,24.611375433525776
6927.934128428945,24.611375433525776
6927.934128428945,24.611375433525776
7410.255153982606,24.590865550473808
7410.255153982606,24.590865550473808
7316.704080730794,24.71826799643418
7372.067541038388,24.479067666400002
7372.067541038388,24.479067666400002
7341.124197755636,24.47638568455426
7341.124197755636,24.47638568455426
7655.2920108025555,24.597270537962274
7154.40372785756,24.581002164197617
7154.40372785756,24.581002164197617
7154.40372785756,24.581002164197617
7154.40372785756,24.581002164197617
7154.40372785756,24.581002164197617
7154.40372785756,24.581002164197617
7154.40372785756,24.581002164197617
7154.40372785756,24.581002164197617
7154.40372785756,24.581002164197617
7154.40372785756,24.581002164197617
7154.40372785756,24.581002164197617
7154.40372785756,24.581002164197617
7630.903815997729,24.545566076711218
7630.903815997729,24.545566076711218
7366.672444235745,24.56857991776888
7366.672444235745,24.56857991776888
7366.672444235745,24.56857991776888
7156.483347640811,24.815634855405794
7216.222664102193,24.88935345708341
7013.162599260294,24.853838749346213
6904.581087797088,24.694447021973566
6904.581087797088,24.694447021973566
6904.581087797088,24.694447021973566
6904.581087797088,24.694447021973566
6904.581087797088,24.694447021973566
6980.190294127463,24.674607487749974
6980.190294127463,24.674607487749974
6980.190294127463,24.674607487749974
6980.190294127463,24.674607487749974
7299.555189600525,24.780216140197176
7593.0201863838465,24.62562529351835
7593.0201863838465,24.62562529351835
7613.589586583864,24.72308543403853
7613.589586583864,24.72308543403853
7613.589586583864,24.72308543403853
7574.901097122512,24.695389511393547
7574.901097122512,24.695389511393547
7574.901097122512,24.695389511393547
7713.511053109749,24.55307599184849
7612.940863689384,24.58131241851397
7612.940863689384,24.58131241851397
7781.162467235989,24.616692324823966
7781.162467235989,24.616692324823966
7634.440259526243,24.619393715773864
7634.440259526243,24.619393715773864
7634.440259526243,24.619393715773864
7634.440259526243,24.619393715773864
7634.440259526243,24.619393715773864
7930.0651579788455,24.679962926922375
7930.0651579788455,24.679962926922375
7865.59953963217,24.618213654563
7902.409243220266,24.67125904001502
7902.409243220266,24.67125904001502
7902.409243220266,24.67125904001502
7873.689130648981,24.595964523191874
7873.689130648981,24.595964523191874
7873.689130648981,24.595964523191874
8042.759144546539,24.695054916713598
8042.759144546539,24.695054916713598
8138.457108622461,24.63732226294561
7874.678583672705,24.54222148989615
8101.897337821417,24.600594570950875
8101.897337821417,24.600594570950875
8101.897337821417,24.600594570950875
8101.897337821417,24.600594570950875
8101.897337821417,24.600594570950875
8101.897337821417,24.600594570950875
7731.789807310553,24.59860845375723
7731.789807310553,24.59860845375723
7731.789807310553,24.59860845375723
7731.789807310553,24.59860845375723
7731.789807310553,24.59860845375723
7731.789807310553,24.59860845375723
7731.789807310553,24.59860845375723
7731.789807310553,24.59860845375723
7731.789807310553,24.59860845375723
7731.789807310553,24.59860845375723
7731.789807310553,24.59860845375723
7502.780977282904,24.65472636649268
7502.780977282904,24.65472636649268
7525.625973960664,24.786720667538376
7541.405857979931,24.637954981370456
7541.405857979931,24.637954981370456
7541.405857979931,24.637954981370456
7541.405857979931,24.637954981370456
7541.405857979931,24.637954981370456
7541.405857979931,24.637954981370456
7541.405857979931,24.637954981370456
7541.405857979931,24.637954981370456
7541.405857979931,24.637954981370456
7541.405857979931,24.637954981370456
7541.405857979931,24.637954981370456
7541.405857979931,24.637954981370456
7853.807356295407,24.55391813048104
7853.807356295407,24.55391813048104
8139.163832592888,24.59790910059834
8134.552801642057,24.66282587449342
8134.552801642057,24.66282587449342
8254.691983018902,24.63692824258379
8254.691983018902,24.63692824258379
8254.691983018902,24.63692824258379
8254.691983018902,24.63692824258379
8254.691983018902,24.63692824258379
8254.691983018902,24.63692824258379
8254.691983018902,24.63692824258379
7966.4800345396725,24.475105394229125
7966.4800345396725,24.475105394229125
7966.4800345396725,24.475105394229125
7966.4800345396725,24.475105394229125
8000.713397090199,24.655256494202376
8000.713397090199,24.655256494202376
8000.713397090199,24.655256494202376
8000.713397090199,24.655256494202376
8121.804535841833,24.68376977717702
8121.804535841833,24.68376977717702
8121.804535841833,24.68376977717702
8121.804535841833,24.68376977717702
7860.11795867938,24.566095467430664
7860.11795867938,24.566095467430664
7860.11795867938,24.566095467430664
7860.11795867938,24.566095467430664
7860.11795867938,24.566095467430664
7860.11795867938,24.566095467430664
7860.11795867938,24.566095467430664
7860.11795867938,24.566095467430664
7860.11795867938,24.566095467430664
7860.11795867938,24.566095467430664
7860.11795867938,24.566095467430664
7977.795338210301,24.727311797374323
7977.795338210301,24.727311797374323
7977.795338210301,24.727311797374323
7977.795338210301,24.727311797374323
7563.919087570972,24.621514580304265
7563.919087570972,24.621514580304265
7563.919087570972,24.621514580304265
7156.62536716845,24.711259031425264
7163.757314478971,24.661054377729638
7211.220972136263,24.67916462549267
7211.220972136263,24.67916462549267
7320.9548470447535,24.747359860414992
7320.9548470447535,24.747359860414992
7320.9548470447535,24.747359860414992
7320.9548470447535,24.747359860414992
7320.9548470447535,24.747359860414992
7703.087248695268,24.6808541770483
7455.446000886561,24.77565322547995
7784.533358926622,24.74843644586304
7784.533358926622,24.74843644586304
7784.533358926622,24.74843644586304
7784.533358926622,24.74843644586304
7784.533358926622,24.74843644586304
7400.847208180173,24.6595702257999
7400.847208180173,24.6595702257999
7400.847208180173,24.6595702257999
7416.836708123231,24.708376400844575
7112.424582772508,24.705277625689604
7112.424582772508,24.705277625689604
7112.424582772508,24.705277625689604
7729.038495313808,24.718304988538346
7729.038495313808,24.718304988538346
7617.957913553427,24.667362346996356
7617.957913553427,24.667362346996356
7617.957913553427,24.667362346996356
7617.957913553427,24.667362346996356
7617.957913553427,24.667362346996356
7617.957913553427,24.667362346996356
7838.388451182878,24.669318650106593
7838.388451182878,24.669318650106593
7838.388451182878,24.669318650106593
7838.388451182878,24.669318650106593
7838.388451182878,24.669318650106593
7446.004176912554,24.804870664452505
7446.004176912554,24.804870664452505
7479.237011924224,24.566351061655716
7479.237011924224,24.566351061655716
7479.237011924224,24.566351061655716
7479.237011924224,24.566351061655716
7479.237011924224,24.566351061655716
7479.237011924224,24.566351061655716
7479.237011924224,24.566351061655716
7479.237011924224,24.566351061655716
7500.454816634346,24.625545118088503
7500.454816634346,24.625545118088503
7470.007426416974,24.595755670644788
7470.007426416974,24.595755670644788
7470.007426416974,24.595755670644788
7470.007426416974,24.595755670644788
7470.007426416974,24.595755670644788
7368.384102910961,24.713310785876473
7368.384102910961,24.713310785876473
7368.384102910961,24.713310785876473
7157.504854400572,24.707775618139777
7157.504854400572,24.707775618139777
7135.320863248001,24.756602720667697
7135.320863248001,24.756602720667697
7135.320863248001,24.756602720667697
7135.320863248001,24.756602720667697
7135.320863248001,24.756602720667697
7135.320863248001,24.756602720667697
6639.0417477309575,24.764737730712703
6639.0417477309575,24.764737730712703
6639.0417477309575,24.764737730712703
6639.0417477309575,24.764737730712703
6639.0417477309575,24.764737730712703
6639.0417477309575,24.764737730712703
6639.0417477309575,24.764737730712703
6639.0417477309575,24.764737730712703
6639.0417477309575,24.764737730712703
6829.613116201272,24.760277382377335
7076.4406253736115,24.63855332544024
7076.4406253736115,24.63855332544024
7076.4406253736115,24.63855332544024
6703.182657336256,24.674764230214507
6703.182657336256,24.674764230214507
6557.329911134423,24.740002118646792
6557.329911134423,24.740002118646792
6557.329911134423,24.740002118646792
6557.329911134423,24.740002118646792
6557.329911134423,24.740002118646792
6557.329911134423,24.740002118646792
6771.17158954836,24.61589556030895
6771.17158954836,24.61589556030895
6771.17158954836,24.61589556030895
6880.6023493654975,24.690064871808726
6880.6023493654975,24.690064871808726
6880.6023493654975,24.690064871808726
6880.6023493654975,24.690064871808726
6880.6023493654975,24.690064871808726
6955.005704581203,24.506440146582452
7325.621120498137,24.48805740811983
7182.841473316708,24.518356594861583
7182.841473316708,24.518356594861583
7182.841473316708,24.518356594861583
7182.841473316708,24.518356594861583
7182.841473316708,24.518356594861583
7182.841473316708,24.518356594861583
7182.841473316708,24.518356594861583
7311.505786076597,24.50384572944671
7311.505786076597,24.50384572944671
7311.505786076597,24.50384572944671
7317.916769642181,24.7385547063094
7160.802984399158,24.71949918949952
7160.802984399158,24.71949918949952
7160.802984399158,24.71949918949952
7463.530648126438,24.579088680213605
7435.76786272014,24.71759681541794
7493.148437447157,24.54851263459562
7379.59852763546,24.697596575899333
7531.60809246328,24.78691034250235
7531.60809246328,24.78691034250235
7531.60809246328,24.78691034250235
7531.60809246328,24.78691034250235
7531.60809246328,24.78691034250235
7412.392623063402,24.645075997482554
7412.392623063402,24.645075997482554
7412.392623063402,24.645075997482554
7412.392623063402,24.645075997482554
7412.392623063402,24.645075997482554
7412.392623063402,24.645075997482554
7412.392623063402,24.645075997482554
7412.392623063402,24.645075997482554
7412.392623063402,24.645075997482554
7412.392623063402,24.645075997482554
7378.952322265376,24.665694979764847
7378.952322265376,24.665694979764847
7378.952322265376,24.665694979764847
7600.071487328575,24.618995285717368
7814.947803208764,24.61814611819796
7814.947803208764,24.61814611819796
7814.947803208764,24.61814611819796
7814.947803208764,24.61814611819796
7814.947803208764,24.61814611819796
7814.947803208764,24.61814611819796
7814.947803208764,24.61814611819796
8072.435182888087,24.708522767115202
7989.140433170806,24.630587475898317
7989.140433170806,24.630587475898317
8192.596677777747,24.638845833172095
8192.596677777747,24.638845833172095
8031.693499955927,24.637698573993372
8031.693499955927,24.637698573993372
8031.693499955927,24.637698573993372
8031.693499955927,24.637698573993372
8031.693499955927,24.637698573993372
8031.693499955927,24.637698573993372
8031.693499955927,24.637698573993372
8031.693499955927,24.637698573993372
8031.693499955927,24.637698573993372
8031.693499955927,24.637698573993372
8052.9402981025205,24.611645721933264
7684.441387765569,24.610425327113916
7684.441387765569,24.610425327113916
7684.441387765569,24.610425327113916
7761.997960918035,24.66155160441953
7761.997960918035,24.66155160441953
7516.915246440187,24.716005172639584
7516.915246440187,24.716005172639584
7516.915246440187,24.716005172639584
7216.557200918619,24.576240887596978
7594.829356688263,24.539423284313955
7594.829356688263,24.539423284313955
7502.606447251518,24.741938786368223
7502.606447251518,24.741938786368223
7668.015436547828,24.7070084755405
7668.015436547828,24.7070084755405
7906.611034528067,24.606673605117667
7906.611034528067,24.606673605117667
7864.716018868816,24.70205103844971
7864.716018868816,24.70205103844971
7955.342785629562,24.584006779789036
7955.342785629562,24.584006779789036
7955.342785629562,24.584006779789036
7955.342785629562,24.584006779789036
7955.342785629562,24.584006779789036
7955.342785629562,24.584006779789036
7792.5931971397695,24.6697575768679
7571.14903447557,24.753735041181223
7683.122893576463,24.578013820127747
7683.122893576463,24.578013820127747
7683.122893576463,24.578013820127747
7683.122893576463,24.578013820127747
7683.122893576463,24.578013820127747
7683.122893576463,24.578013820127747
7850.682074730981,24.741422435022045
8346.36102474401,24.601952543096132
8346.36102474401,24.601952543096132
8285.127887349643,24.498583792608603
8285.127887349643,24.498583792608603
8285.127887349643,24.498583792608603
8285.127887349643,24.498583792608603
8732.007557256926,24.49937516158606
8732.007557256926,24.49937516158606
8963.007871381309,24.53318619246269
8963.007871381309,24.53318619246269
8963.007871381309,24.53318619246269
9125.705831019326,24.606203213752817
9125.705831019326,24.606203213752817
9125.705831019326,24.606203213752817
9125.705831019326,24.606203213752817
9125.705831019326,24.606203213752817
9125.705831019326,24.606203213752817
9125.705831019326,24.606203213752817
9125.705831019326,24.606203213752817
9125.705831019326,24.606203213752817
9125.705831019326,24.606203213752817
9125.705831019326,24.606203213752817
9125.705831019326,24.606203213752817
9125.705831019326,24.606203213752817
9125.705831019326,24.606203213752817
9125.705831019326,24.606203213752817
9125.705831019326,24.606203213752817
8923.04759343872,24.710231253972598
8820.01758219781,24.595668942659636
8820.01758219781,24.595668942659636
8820.01758219781,24.595668942659636
8820.01758219781,24.595668942659636
8820.01758219781,24.595668942659636
8693.81839374664,24.638736985962037
8469.857636749632,24.73688872887125
8329.67533154138,24.775767873948247
8329.67533154138,24.775767873948247
8329.67533154138,24.775767873948247
7812.530624120529,24.70885625099622
7812.530624120529,24.70885625099622
7812.530624120529,24.70885625099622
7371.513662004306,24.658741520098996
7371.513662004306,24.658741520098996
7371.513662004306,24.658741520098996
7548.577821951511,24.64758486474883
7548.577821951511,24.64758486474883
7548.577821951511,24.64758486474883
7548.577821951511,24.64758486474883
7548.577821951511,24.64758486474883
7548.577821951511,24.64758486474883
7080.977682104146,24.623910866560834
7080.977682104146,24.623910866560834
7080.977682104146,24.623910866560834
7080.977682104146,24.623910866560834
7080.977682104146,24.623910866560834
7080.977682104146,24.623910866560834
7080.977682104146,24.623910866560834
7147.391643372309,24.68491094651222
7147.391643372309,24.68491094651222
7537.481879804102,24.41031398847608
7547.041786956819,24.509585760826365
7547.041786956819,24.509585760826365
7547.041786956819,24.509585760826365
7464.720801025401,24.55012637040987
7464.720801025401,24.55012637040987
6963.8172267729915,24.768458127853425
6963.8172267729915,24.768458127853425
6963.8172267729915,24.768458127853425
6963.8172267729915,24.768458127853425
7120.276754993407,24.69146317049971
7120.276754993407,24.69146317049971
7454.172814048507,24.710683539476662
7903.552083266452,24.59057607382955
7752.395365100045,24.570877166461347
7752.395365100045,24.570877166461347
7548.425188072623,24.608265801537595
7548.425188072623,24.608265801537595
7548.425188072623,24.608265801537595
7548.425188072623,24.608265801537595
7548.425188072623,24.608265801537595
7548.425188072623,24.608265801537595
7548.425188072623,24.608265801537595
7548.425188072623,24.608265801537595
7548.425188072623,24.608265801537595
7716.433894156032,24.639097751243128
7716.433894156032,24.639097751243128
7716.433894156032,24.639097751243128
7716.433894156032,24.639097751243128
8180.822164786756,24.640271607982623
8180.822164786756,24.640271607982623
8180.822164786756,24.640271607982623
8180.822164786756,24.640271607982623
7654.87368271201,24.66550656199212
8076.430324579699,24.484046398270564
8076.430324579699,24.484046398270564
8076.430324579699,24.484046398270564
7644.1790025639,24.605012688539837
8004.834626261511,24.51547553339263
8004.834626261511,24.51547553339263
8004.834626261511,24.51547553339263
8004.834626261511,24.51547553339263
8172.328205643126,24.5637101689585
8172.328205643126,24.5637101689585
8128.340503381814,24.624009120070134
7985.439053349911,24.668031059699484
7985.439053349911,24.668031059699484
7985.439053349911,24.668031059699484
7985.439053349911,24.668031059699484
7985.439053349911,24.668031059699484
7985.439053349911,24.668031059699484
7985.439053349911,24.668031059699484
7985.439053349911,24.668031059699484
7985.439053349911,24.668031059699484
7985.439053349911,24.668031059699484
8076.347705487259,24.571014630154096
7787.140153305204,24.677051978356598
7787.140153305204,24.677051978356598
7787.140153305204,24.677051978356598
7787.140153305204,24.677051978356598
7787.140153305204,24.677051978356598
7871.660712395596,24.685358569474882
7871.660712395596,24.685358569474882
7871.660712395596,24.685358569474882
7518.3186098206625,24.597877887743234
7518.3186098206625,24.597877887743234
7518.3186098206625,24.597877887743234
7390.2009665796795,24.686770652336445
7390.2009665796795,24.686770652336445
7390.2009665796795,24.686770652336445
7390.2009665796795,24.686770652336445
7578.152868509008,24.581014962181047
7578.152868509008,24.581014962181047
7578.152868509008,24.581014962181047
7578.152868509008,24.581014962181047
7578.152868509008,24.581014962181047
7293.594775355166,24.713751022652996
7073.911666440723,24.725444934415176
7073.911666440723,24.725444934415176
7073.911666440723,24.725444934415176
7073.911666440723,24.725444934415176
7073.911666440723,24.725444934415176
7067.029144379661,24.615497509158118
6861.816262995693,24.668350970747497
7228.804764218839,24.616268810618955
7228.804764218839,24.616268810618955
7228.804764218839,24.616268810618955
7408.9105923463785,24.655854625962064
7408.9105923463785,24.655854625962064
7408.9105923463785,24.655854625962064
7408.9105923463785,24.655854625962064
7408.9105923463785,24.655854625962064
7408.9105923463785,24.655854625962064
7408.9105923463785,24.655854625962064
7408.9105923463785,24.655854625962064
7408.9105923463785,24.655854625962064
7408.9105923463785,24.655854625962064
7408.9105923463785,24.655854625962064
7418.583095306135,24.622947367770877
7286.4737994518555,24.750016644339272
7286.4737994518555,24.750016644339272
7286.4737994518555,24.750016644339272
7286.4737994518555,24.750016644339272
7011.741428982671,24.615369530101294
7011.741428982671,24.615369530101294
7011.741428982671,24.615369530101294
6943.938632773737,24.687693216332697
6943.938632773737,24.687693216332697
6943.938632773737,24.687693216332697
6943.938632773737,24.687693216332697
6943.938632773737,24.687693216332697
6943.938632773737,24.687693216332697
6943.938632773737,24.687693216332697
6943.938632773737,24.687693216332697
6943.938632773737,24.687693216332697
6943.938632773737,24.687693216332697
6943.938632773737,24.687693216332697
6943.938632773737,24.687693216332697
7486.075469303073,24.735074043641028
7486.075469303073,24.735074043641028
7486.075469303073,24.735074043641028
7486.075469303073,24.735074043641028
7486.075469303073,24.735074043641028
7248.030356925022,24.611833734628565
7248.030356925022,24.611833734628565
7511.963971812118,24.757176522447146
7256.720960713854,24.66507306140734
7118.058909216889,24.757103223388654
7241.326009171181,24.797960502910932
7241.326009171181,24.797960502910932
7241.326009171181,24.797960502910932
7241.326009171181,24.797960502910932
7241.326009171181,24.797960502910932
7241.326009171181,24.797960502910932
7241.326009171181,24.797960502910932
7814.165125846476,24.55812936236161
7814.165125846476,24.55812936236161
7663.198191182397,24.546023767257367
7504.272382881454,24.665820819438505
7855.35675776244,24.65924883845097
7855.35675776244,24.65924883845097
7855.35675776244,24.65924883845097
7855.35675776244,24.65924883845097
7855.35675776244,24.65924883845097
7855.35675776244,24.65924883845097
7855.35675776244,24.65924883845097
7855.35675776244,24.65924883845097
7855.35675776244,24.65924883845097
7855.35675776244,24.65924883845097
7855.35675776244,24.65924883845097
7855.35675776244,24.65924883845097
7855.35675776244,24.65924883845097
7855.35675776244,24.65924883845097
7839.441408289995,24.615418191582272
7839.441408289995,24.615418191582272
7839.441408289995,24.615418191582272
7839.441408289995,24.615418191582272
7839.441408289995,24.615418191582272
7847.368879897844,24.637468014110205
7847.368879897844,24.637468014110205
7847.368879897844,24.637468014110205
8045.083562070031,24.51797500541411
8045.083562070031,24.51797500541411
8045.083562070031,24.51797500541411
8045.083562070031,24.51797500541411
8045.083562070031,24.51797500541411
8045.083562070031,24.51797500541411
8048.780113361378,24.705593207828073
7635.921741441417,24.766203493340793
7635.921741441417,24.766203493340793
7635.921741441417,24.766203493340793
7635.921741441417,24.766203493340793
7720.1844819189655,24.63658458334874
7720.1844819189655,24.63658458334874
7720.1844819189655,24.63658458334874
7720.1844819189655,24.63658458334874
7720.1844819189655,24.63658458334874
7720.1844819189655,24.63658458334874
7720.1844819189655,24.63658458334874
7876.140804028776,24.655308523208472
7876.140804028776,24.655308523208472
7876.140804028776,24.655308523208472
7876.140804028776,24.655308523208472
7876.140804028776,24.655308523208472
7876.140804028776,24.655308523208472
7699.134111102343,24.725133322449775
7699.134111102343,24.725133322449775
7699.134111102343,24.725133322449775
7442.512891849623,24.719404819896088
7442.512891849623,24.719404819896088
7442.512891849623,24.719404819896088
7442.512891849623,24.719404819896088
7084.316632188407,24.702800091866077
7214.813640216311,24.68351051168555
7214.813640216311,24.68351051168555
7214.813640216311,24.68351051168555
7214.813640216311,24.68351051168555
7214.813640216311,24.68351051168555
7214.813640216311,24.68351051168555
7214.813640216311,24.68351051168555
7214.813640216311,24.68351051168555
7214.813640216311,24.68351051168555
7237.428709940259,24.697356924239465
7237.428709940259,24.697356924239465
7237.428709940259,24.697356924239465
7237.428709940259,24.697356924239465
7237.428709940259,24.697356924239465
7237.428709940259,24.697356924239465
7237.428709940259,24.697356924239465
7237.428709940259,24.697356924239465
7237.428709940259,24.697356924239465
7484.1543097096,24.671932121085632
7484.1543097096,24.671932121085632
7484.1543097096,24.671932121085632
7484.1543097096,24.671932121085632
7484.1543097096,24.671932121085632
7484.1543097096,24.671932121085632
7484.1543097096,24.671932121085632
7484.1543097096,24.671932121085632
7484.1543097096,24.671932121085632
7484.1543097096,24.671932121085632
7484.1543097096,24.671932121085632
7484.1543097096,24.671932121085632
7484.1543097096,24.671932121085632
7484.1543097096,24.671932121085632
7484.1543097096,24.671932121085632
7484.1543097096,24.671932121085632
7484.1543097096,24.671932121085632
7881.3910015922675,24.63115207657824
7881.3910015922675,24.63115207657824
7881.3910015922675,24.63115207657824
7881.3910015922675,24.63115207657824
7881.3910015922675,24.63115207657824
7881.3910015922675,24.63115207657824
8067.4362721194775,24.550699833962863
8067.4362721194775,24.550699833962863
8067.4362721194775,24.550699833962863
7462.209437476618,24.780483059176632
7462.209437476618,24.780483059176632
7462.209437476618,24.780483059176632
7462.209437476618,24.780483059176632
7462.209437476618,24.780483059176632
7462.209437476618,24.780483059176632
7616.375594615098,24.562357822368
7616.375594615098,24.562357822368
7553.359778975481,24.605660278627184
7553.359778975481,24.605660278627184
7553.359778975481,24.605660278627184
7553.359778975481,24.605660278627184
7519.4929027125845,24.62673479284987
7519.4929027125845,24.62673479284987
7519.4929027125845,24.62673479284987
7302.642234799702,24.696346914207396
7361.081526281909,24.75666705606604
6931.879843509571,24.86670507750291
6931.879843509571,24.86670507750291
6989.463905281662,24.815683832160037
6989.463905281662,24.815683832160037
7131.440378489158,24.617147362522704
7131.440378489158,24.617147362522704
7131.440378489158,24.617147362522704
7131.440378489158,24.617147362522704
7131.440378489158,24.617147362522704
7176.079910278448,24.660421154325057
7176.079910278448,24.660421154325057
7176.079910278448,24.660421154325057
7176.079910278448,24.660421154325057
7176.079910278448,24.660421154325057
7176.079910278448,24.660421154325057
7553.546158962185,24.602408762042803
7553.546158962185,24.602408762042803
7553.546158962185,24.602408762042803
7553.546158962185,24.602408762042803
7553.546158962185,24.602408762042803
7737.598021798225,24.65403752382676
7744.814208186331,24.534250699561333
8290.098311748545,24.680092097178623
8290.098311748545,24.680092097178623
8290.098311748545,24.680092097178623
8290.098311748545,24.680092097178623
8159.804690779602,24.644467977409224
8159.804690779602,24.644467977409224
8159.804690779602,24.644467977409224
8159.804690779602,24.644467977409224
8159.804690779602,24.644467977409224
7964.256216671116,24.63830612163906
7667.136039612656,24.563152522530494
7667.136039612656,24.563152522530494
7667.136039612656,24.563152522530494
7667.136039612656,24.563152522530494
7667.136039612656,24.563152522530494
8160.742034366455,24.64297038981558
8160.742034366455,24.64297038981558
8160.742034366455,24.64297038981558
8160.742034366455,24.64297038981558
8166.7147266101065,24.682839270613933
8166.7147266101065,24.682839270613933
8166.7147266101065,24.682839270613933
7999.439023654052,24.732062113670843
7999.439023654052,24.732062113670843
7999.439023654052,24.732062113670843
7999.439023654052,24.732062113670843
7999.439023654052,24.732062113670843
7999.439023654052,24.732062113670843
7999.439023654052,24.732062113670843
7642.706706070323,24.728798903027695
8394.03939270173,24.57693832339124
8554.11839172049,24.5140497890456
8554.11839172049,24.5140497890456
8554.11839172049,24.5140497890456
8554.11839172049,24.5140497890456
8554.11839172049,24.5140497890456
8657.61997568145,24.637106559690235
8657.61997568145,24.637106559690235
8657.61997568145,24.637106559690235
8358.82387887132,24.625248283934926
8358.82387887132,24.625248283934926
8358.82387887132,24.625248283934926
8358.82387887132,24.625248283934926
8358.82387887132,24.625248283934926
8358.82387887132,24.625248283934926
8358.82387887132,24.625248283934926
8358.82387887132,24.625248283934926
8358.82387887132,24.625248283934926
8358.82387887132,24.625248283934926
8210.163711918418,24.653040306529977
8210.163711918418,24.653040306529977
8210.163711918418,24.653040306529977
7863.1573208552245,24.652888786561952
7863.1573208552245,24.652888786561952
7863.1573208552245,24.652888786561952
7863.1573208552245,24.652888786561952
7863.1573208552245,24.652888786561952
7398.083849417107,24.679584321689873
7398.083849417107,24.679584321689873
7146.890527632047,24.700287359472817
7146.890527632047,24.700287359472817
7146.890527632047,24.700287359472817
7146.890527632047,24.700287359472817
7127.378206170355,24.69050218555176
7127.378206170355,24.69050218555176
7127.378206170355,24.69050218555176
7221.277871746165,24.715507280907588
7677.9075321734135,24.690905956391035
7677.9075321734135,24.690905956391035
7677.9075321734135,24.690905956391035
7677.9075321734135,24.690905956391035
7404.98080493463,24.500864509087695
7000.084337538846,24.60880159111401
7000.084337538846,24.60880159111401
7370.112226219372,24.578555693199604
7370.112226219372,24.578555693199604
7370.112226219372,24.578555693199604
7370.112226219372,24.578555693199604
7370.112226219372,24.578555693199604
7370.112226219372,24.578555693199604
7045.488522468933,24.722535018432986
7045.488522468933,24.722535018432986
7045.488522468933,24.722535018432986
7122.557861633381,24.57762693489482
7122.557861633381,24.57762693489482
6939.678797668394,24.634503516306154
6939.678797668394,24.634503516306154
6939.678797668394,24.634503516306154
7065.26486903765,24.669653853799375
7314.46164960782,24.75719482140643
7314.46164960782,24.75719482140643
7314.46164960782,24.75719482140643
7824.007650411261,24.739946075055975
7978.826607853444,24.49804480541724
7684.062199512319,24.648461130951954
7684.062199512319,24.648461130951954
7684.062199512319,24.648461130951954
6967.263758373739,24.71149018439089
6967.263758373739,24.71149018439089
6967.263758373739,24.71149018439089
6967.263758373739,24.71149018439089
6967.263758373739,24.71149018439089
7004.735068592713,24.724983352664125
7333.993300855326,24.564078117652535
7333.993300855326,24.564078117652535
6962.026083683538,24.77437460380513
6962.026083683538,24.77437460380513
6962.026083683538,24.77437460380513
6962.026083683538,24.77437460380513
6962.026083683538,24.77437460380513
6962.026083683538,24.77437460380513
6932.002428710619,24.691531750880472
6932.002428710619,24.691531750880472
6932.002428710619,24.691531750880472
6932.002428710619,24.691531750880472
6932.002428710619,24.691531750880472
7232.412618703224,24.762692291562825
7388.609920571118,24.603203711138047
7388.609920571118,24.603203711138047
7388.609920571118,24.603203711138047
7522.73661779593,24.75792943829393
7247.3296556489595,24.51760214994893
7247.3296556489595,24.51760214994893
7126.442241341538,24.771567396227404
7558.452003300453,24.726203733785713
7430.429582517253,24.65325733385384
7430.429582517253,24.65325733385384
7430.429582517253,24.65325733385384
7430.429582517253,24.65325733385384
7430.429582517253,24.65325733385384
7567.337953657331,24.6705380006735
7567.337953657331,24.6705380006735
7567.337953657331,24.6705380006735
7567.337953657331,24.6705380006735
7567.337953657331,24.6705380006735
7567.337953657331,24.6705380006735
7567.337953657331,24.6705380006735
8098.910337764518,24.653203874759118
8098.910337764518,24.653203874759118
8098.910337764518,24.653203874759118
8098.910337764518,24.653203874759118
7997.294826900361,24.53703012027761
7997.294826900361,24.53703012027761
7997.294826900361,24.53703012027761
7997.294826900361,24.53703012027761
7997.294826900361,24.53703012027761
7997.294826900361,24.53703012027761
7997.294826900361,24.53703012027761
7735.654505193917,24.711862794244823
7802.531758058325,24.604544745908225
7802.531758058325,24.604544745908225
7802.531758058325,24.604544745908225
7802.531758058325,24.604544745908225
7802.531758058325,24.604544745908225
7802.531758058325,24.604544745908225
7802.531758058325,24.604544745908225
7802.531758058325,24.604544745908225
8375.135515113021,24.604581566822205
8375.135515113021,24.604581566822205
8375.135515113021,24.604581566822205
8375.135515113021,24.604581566822205
8375.135515113021,24.604581566822205
8502.587095431794,24.650961246381456
8502.587095431794,24.650961246381456
8502.587095431794,24.650961246381456
8502.587095431794,24.650961246381456
8502.587095431794,24.650961246381456
8502.587095431794,24.650961246381456
8502.587095431794,24.650961246381456
8502.587095431794,24.650961246381456
8502.587095431794,24.650961246381456
8502.587095431794,24.650961246381456
8674.421205284663,24.683179442971458
8674.421205284663,24.683179442971458
8674.421205284663,24.683179442971458
8674.421205284663,24.683179442971458
8881.146547348824,24.508761330621134
8881.146547348824,24.508761330621134
8881.146547348824,24.508761330621134
8046.420101394648,24.759228344691305
8046.420101394648,24.759228344691305
7728.532984672027,24.631262927525217
7728.532984672027,24.631262927525217
7966.738507879985,24.739408293008104
7966.738507879985,24.739408293008104
7603.763361021339,24.619078883750035
7603.763361021339,24.619078883750035
7603.763361021339,24.619078883750035
7603.763361021339,24.619078883750035
7603.763361021339,24.619078883750035
7603.763361021339,24.619078883750035
7548.183474978448,24.64290408512212
7437.317963523057,24.692419201136413
7437.317963523057,24.692419201136413
7437.317963523057,24.692419201136413
7589.658995636799,24.608034198189426
7677.209971184655,24.654706568203324
7677.209971184655,24.654706568203324
8040.51652991318,24.66505157938323
8040.51652991318,24.66505157938323
8040.51652991318,24.66505157938323
8040.51652991318,24.66505157938323
8040.51652991318,24.66505157938323
8040.51652991318,24.66505157938323
8166.081124425046,24.663306630667424
8166.081124425046,24.663306630667424
8166.081124425046,24.663306630667424
8166.081124425046,24.663306630667424
8166.081124425046,24.663306630667424
8166.081124425046,24.663306630667424
8519.483060734665,24.578328349391107
8519.483060734665,24.578328349391107
8285.873001332064,24.569406906287284
8285.873001332064,24.569406906287284
8285.873001332064,24.569406906287284
8285.873001332064,24.569406906287284
7969.687693547471,24.64506074287354
7969.687693547471,24.64506074287354
7969.687693547471,24.64506074287354
8323.460838574088,24.624064614988445
8323.460838574088,24.624064614988445
7948.33271093863,24.65277298782544
7948.33271093863,24.65277298782544
7948.33271093863,24.65277298782544
7948.33271093863,24.65277298782544
7948.33271093863,24.65277298782544
7948.33271093863,24.65277298782544
7948.33271093863,24.65277298782544
7948.33271093863,24.65277298782544
7948.33271093863,24.65277298782544
7948.33271093863,24.65277298782544
7663.536753098841,24.538128461624026
7663.536753098841,24.538128461624026
7663.536753098841,24.538128461624026
7663.536753098841,24.538128461624026
7663.536753098841,24.538128461624026
7747.043102640232,24.577754662202796
7737.8564792292855,24.782426090408013
7737.8564792292855,24.782426090408013
7737.8564792292855,24.782426090408013
7737.8564792292855,24.782426090408013
7737.8564792292855,24.782426090408013
7737.8564792292855,24.782426090408013
7737.8564792292855,24.782426090408013
7737.8564792292855,24.782426090408013
7815.897078026464,24.725078375469586
7815.897078026464,24.725078375469586
7815.897078026464,24.725078375469586
7815.897078026464,24.725078375469586
7815.897078026464,24.725078375469586
7815.897078026464,24.725078375469586
7801.823239055692,24.659863654064665
7688.791712392325,24.600288681667408
7728.182529571937,24.601007912143086
7728.182529571937,24.601007912143086
7728.182529571937,24.601007912143086
7728.182529571937,24.601007912143086
7728.182529571937,24.601007912143086
7662.9789913082805,24.70618213616595
7662.9789913082805,24.70618213616595
7662.9789913082805,24.70618213616595
7662.9789913082805,24.70618213616595
7417.843953181726,24.700748479410027
7417.843953181726,24.700748479410027
7417.843953181726,24.700748479410027
7417.843953181726,24.700748479410027
7417.843953181726,24.700748479410027
7108.069729919298,24.51362276228448
6901.77562627462,24.72002861757993
6901.77562627462,24.72002861757993
6901.77562627462,24.72002861757993
6901.77562627462,24.72002861757993
6784.052452557796,24.657853780942318
6784.052452557796,24.657853780942318
6784.052452557796,24.657853780942318
6703.492230435473,24.825959370880526
6703.492230435473,24.825959370880526
6703.492230435473,24.825959370880526
6703.492230435473,24.825959370880526
6612.365450388556,24.844464443618175
6612.365450388556,24.844464443618175
6434.429772386061,24.642490182251674
6582.2691019708145,24.85505820917011
6582.2691019708145,24.85505820917011
6582.2691019708145,24.85505820917011
6582.2691019708145,24.85505820917011
6582.2691019708145,24.85505820917011
6663.98988967355,24.547289625995667
6663.98988967355,24.547289625995667
6663.98988967355,24.547289625995667
6663.98988967355,24.547289625995667
6774.614594385934,24.505405840322393
6482.030173610906,24.698346346474867
6770.825981629636,24.608022269110588
6770.825981629636,24.608022269110588
6770.825981629636,24.608022269110588
6518.131532209658,24.66765740330467
6518.131532209658,24.66765740330467
6518.131532209658,24.66765740330467
6542.666637003471,24.626885347378337
6542.666637003471,24.626885347378337
6542.666637003471,24.626885347378337
6542.666637003471,24.626885347378337
6542.666637003471,24.626885347378337
6542.666637003471,24.626885347378337
6542.666637003471,24.626885347378337
6542.666637003471,24.626885347378337
6542.666637003471,24.626885347378337
6542.666637003471,24.626885347378337
6948.443261441609,24.81678692651808
6948.443261441609,24.81678692651808
7548.274799292116,24.627737694655533
7548.274799292116,24.627737694655533
7548.274799292116,24.627737694655533
7548.274799292116,24.627737694655533
7548.274799292116,24.627737694655533
7436.711378811189,24.661808113393278
7444.00112367004,24.70504555722116
7444.00112367004,24.70504555722116
7444.00112367004,24.70504555722116
7444.00112367004,24.70504555722116
7444.00112367004,24.70504555722116
7444.00112367004,24.70504555722116
7405.29542940765,24.57894716613435
7222.443305471206,24.679500518094013
7455.178703200563,24.611682872911896
7455.178703200563,24.611682872911896
7455.178703200563,24.611682872911896
7236.6126904572875,24.59217468611604
7236.6126904572875,24.59217468611604
7236.6126904572875,24.59217468611604
7236.6126904572875,24.59217468611604
7236.6126904572875,24.59217468611604
7141.447397852401,24.72103150197558
7141.447397852401,24.72103150197558
7141.447397852401,24.72103150197558
7141.447397852401,24.72103150197558
7141.447397852401,24.72103150197558
7551.174898104262,24.527816839484085
7551.174898104262,24.527816839484085
7683.118106796363,24.72491210103799
7683.118106796363,24.72491210103799
7683.118106796363,24.72491210103799
7683.118106796363,24.72491210103799
7683.118106796363,24.72491210103799
7683.118106796363,24.72491210103799
7683.118106796363,24.72491210103799
7743.005422166125,24.67863941259237
7664.185601845808,24.7448801563552
7351.84204552657,24.819369366335263
7472.823375468298,24.74398146418503
7103.848345869878,24.600288607219916
7430.747741285824,24.588293891475633
7430.747741285824,24.588293891475633
7233.044916020906,24.734819824105173
7233.044916020906,24.734819824105173
7233.044916020906,24.734819824105173
7233.044916020906,24.734819824105173
7233.044916020906,24.734819824105173
7663.617742937113,24.556972915720532
7663.617742937113,24.556972915720532
7663.617742937113,24.556972915720532
7663.617742937113,24.556972915720532
7663.617742937113,24.556972915720532
7663.617742937113,24.556972915720532
7663.617742937113,24.556972915720532
7663.617742937113,24.556972915720532
7758.771585557876,24.656083591305592
7758.771585557876,24.656083591305592
7758.771585557876,24.656083591305592
7758.771585557876,24.656083591305592
7978.6060094880695,24.635753579487982
7875.380399266654,24.55572918325522
7875.380399266654,24.55572918325522
7875.380399266654,24.55572918325522
7681.614418058627,24.585329670447678
7681.614418058627,24.585329670447678
7681.614418058627,24.585329670447678
7383.912248268386,24.57145712241882
7134.997001738449,24.6154738554267
7059.414042582889,24.614735577153162
7307.104315335784,24.68007994040014
7307.104315335784,24.68007994040014
7307.104315335784,24.68007994040014
7307.104315335784,24.68007994040014
7307.104315335784,24.68007994040014
7307.104315335784,24.68007994040014
7307.104315335784,24.68007994040014
7307.104315335784,24.68007994040014
7307.104315335784,24.68007994040014
7307.104315335784,24.68007994040014
7307.104315335784,24.68007994040014
7476.70008497243,24.600312201967043
7476.70008497243,24.600312201967043
7476.70008497243,24.600312201967043
7394.522761929843,24.611008356378385
7529.879375033711,24.629881659461894
7529.879375033711,24.629881659461894
7529.879375033711,24.629881659461894
7408.566268011367,24.68111569968121
7186.848554566924,24.57112933293333
7153.389889939333,24.702217939181047
7153.389889939333,24.702217939181047
7153.389889939333,24.702217939181047
7388.7406472868915,24.594830954243903
7838.1901147721155,24.551717742752057
7838.1901147721155,24.551717742752057
7838.1901147721155,24.551717742752057
7838.1901147721155,24.551717742752057
7779.008934012304,24.593768209961304
8322.760490047422,24.7465273985776
7997.550724901013,24.68157913321625
7997.550724901013,24.68157913321625
7605.001463433656,24.70487644929709
7605.001463433656,24.70487644929709
7605.001463433656,24.70487644929709
7605.001463433656,24.70487644929709
7605.001463433656,24.70487644929709
7605.001463433656,24.70487644929709
7489.876790972638,24.572701467663304
7583.658895625447,24.638394349285452
7583.658895625447,24.638394349285452
7583.658895625447,24.638394349285452
7583.658895625447,24.638394349285452
7583.658895625447,24.638394349285452
7583.658895625447,24.638394349285452
7583.658895625447,24.638394349285452
7583.658895625447,24.638394349285452
7410.539605401753,24.499047188201416
7261.068077296042,24.46708330810266
7261.068077296042,24.46708330810266
7261.068077296042,24.46708330810266
7711.54939817294,24.418640734936524
7329.092925554679,24.44206506407411
7329.092925554679,24.44206506407411
7329.092925554679,24.44206506407411
7329.092925554679,24.44206506407411
6981.032868162609,24.600155976678888
6981.032868162609,24.600155976678888
6993.425224818466,24.756220124480883
6993.425224818466,24.756220124480883
7424.974330143107,24.718896261910665
7424.974330143107,24.718896261910665
8332.273456052319,24.58146763684898
7924.340895235033,24.647116094633017
7924.340895235033,24.647116094633017
8533.950363876498,24.520370935219002
9052.916697436345,24.68249580994469
9153.4302555941,24.62483481959009
9153.4302555941,24.62483481959009
8861.373784073765,24.682578214679822
8367.71170937988,24.64580530692027
8367.71170937988,24.64580530692027
8367.71170937988,24.64580530692027
8367.71170937988,24.64580530692027
8367.71170937988,24.64580530692027
8367.71170937988,24.64580530692027
8367.71170937988,24.64580530692027
8276.465613945249,24.662371865002807
8276.465613945249,24.662371865002807
8276.465613945249,24.662371865002807
8276.465613945249,24.662371865002807
8276.465613945249,24.662371865002807
8276.465613945249,24.662371865002807
8276.465613945249,24.662371865002807
7917.36593462561,24.625939528800433
7917.36593462561,24.625939528800433
7917.36593462561,24.625939528800433
7917.36593462561,24.625939528800433
8018.33304668662,24.655814007192983
8018.33304668662,24.655814007192983
8018.33304668662,24.655814007192983
8018.33304668662,24.655814007192983
7993.2035555990215,24.66040069577498
7524.594257797135,24.653431387668803
7391.547395049182,24.681995110230694
7391.547395049182,24.681995110230694
7391.547395049182,24.681995110230694
7391.547395049182,24.681995110230694
7391.547395049182,24.681995110230694
7391.547395049182,24.681995110230694
7391.547395049182,24.681995110230694
7391.547395049182,24.681995110230694
7391.547395049182,24.681995110230694
7391.547395049182,24.681995110230694
7391.547395049182,24.681995110230694
7391.547395049182,24.681995110230694
7391.547395049182,24.681995110230694
7391.547395049182,24.681995110230694
7391.547395049182,24.681995110230694
7391.547395049182,24.681995110230694
7391.547395049182,24.681995110230694
7391.547395049182,24.681995110230694
7391.547395049182,24.681995110230694
7391.547395049182,24.681995110230694
7391.547395049182,24.681995110230694
7391.547395049182,24.681995110230694
7791.876179517494,24.527223288760815
7705.024180134611,24.596128502638596
7705.024180134611,24.596128502638596
7705.024180134611,24.596128502638596
7545.106239186344,24.57272085798054
7545.106239186344,24.57272085798054
7641.937385201885,24.653769115993928
7641.937385201885,24.653769115993928
7641.937385201885,24.653769115993928
7641.937385201885,24.653769115993928
7641.937385201885,24.653769115993928
7641.937385201885,24.653769115993928
7816.441306064855,24.708126741742372
7816.441306064855,24.708126741742372
7816.441306064855,24.708126741742372
7816.441306064855,24.708126741742372
7716.184891389068,24.714560897362624
7677.642757678989,24.52309554821693
7342.472033417708,24.625828299225265
7880.015685959477,24.59266003086618
7923.391556061779,24.635765999266432
7923.391556061779,24.635765999266432
8064.843735096982,24.619402874137297
8064.843735096982,24.619402874137297
8064.843735096982,24.619402874137297
8064.843735096982,24.619402874137297
7800.716220185273,24.687867037058805
7745.5986021718245,24.63405156260088
7745.5986021718245,24.63405156260088
7745.5986021718245,24.63405156260088
7745.5986021718245,24.63405156260088
7745.5986021718245,24.63405156260088
7745.5986021718245,24.63405156260088
7755.254297909042,24.594231600026212
7755.254297909042,24.594231600026212
7604.5070037028445,24.705762315902795
7785.574359121244,24.650698524283897
7785.574359121244,24.650698524283897
7785.574359121244,24.650698524283897
7785.574359121244,24.650698524283897
7785.574359121244,24.650698524283897
7785.574359121244,24.650698524283897
7785.574359121244,24.650698524283897
7785.574359121244,24.650698524283897
7785.574359121244,24.650698524283897
7785.574359121244,24.650698524283897
7785.574359121244,24.650698524283897
7785.574359121244,24.650698524283897
8011.708848530393,24.787422774618932
8011.708848530393,24.787422774618932
8011.708848530393,24.787422774618932
7917.381160008862,24.595063621282332
7917.381160008862,24.595063621282332
7917.381160008862,24.595063621282332
7917.381160008862,24.595063621282332
7917.381160008862,24.595063621282332
7917.381160008862,24.595063621282332
7917.381160008862,24.595063621282332
7917.381160008862,24.595063621282332
7917.381160008862,24.595063621282332
7917.381160008862,24.595063621282332
7917.381160008862,24.595063621282332
7917.381160008862,24.595063621282332
7917.381160008862,24.595063621282332
7917.381160008862,24.595063621282332
7917.381160008862,24.595063621282332
7917.381160008862,24.595063621282332
7917.381160008862,24.595063621282332
7917.381160008862,24.595063621282332
7917.381160008862,24.595063621282332
7661.603319532147,24.582254091234713
7661.603319532147,24.582254091234713
7661.603319532147,24.582254091234713
7661.603319532147,24.582254091234713
7661.603319532147,24.582254091234713
7661.603319532147,24.582254091234713
7661.603319532147,24.582254091234713
7285.706664596361,24.707448689664716
7285.706664596361,24.707448689664716
7285.706664596361,24.707448689664716
7455.703827830968,24.562453127854912
7455.703827830968,24.562453127854912
7662.592343565186,24.66237269584158
8036.584104301554,24.679431722067854
8036.584104301554,24.679431722067854
8036.584104301554,24.679431722067854
8036.584104301554,24.679431722067854
7891.866802685676,24.521900560713508
8222.882665588273,24.73500379526948
8222.882665588273,24.73500379526948
8222.882665588273,24.73500379526948
8231.561614804496,24.59417345924516
8161.7514262958,24.56636969856002
8161.7514262958,24.56636969856002
7770.135779469646,24.748865230322146
7770.135779469646,24.748865230322146
7951.227267779045,24.740481336357945
7951.227267779045,24.740481336357945
7951.227267779045,24.740481336357945
8140.822452309898,24.530694449424946
7419.434889922396,24.60141869853203
7419.434889922396,24.60141869853203
7419.434889922396,24.60141869853203
7419.434889922396,24.60141869853203
7419.434889922396,24.60141869853203
7419.434889922396,24.60141869853203
7180.9161714585725,24.607360937267007
7489.7101355999275,24.549441166982213
7490.796771960603,24.707460737845775
7490.796771960603,24.707460737845775
7490.796771960603,24.707460737845775
7426.4453447156475,24.540261832086042
7426.4453447156475,24.540261832086042
7426.4453447156475,24.540261832086042
7426.4453447156475,24.540261832086042
7426.4453447156475,24.540261832086042
7426.4453447156475,24.540261832086042
7494.1753278709975,24.673896835860592
7494.1753278709975,24.673896835860592
7494.1753278709975,24.673896835860592
7494.1753278709975,24.673896835860592
7164.571257755445,24.574332219982324
7063.9541905610595,24.70496659763149
7063.9541905610595,24.70496659763149
7355.477507335876,24.7448389472937
7355.477507335876,24.7448389472937
7355.477507335876,24.7448389472937
7404.273829260379,24.60995804729575
7441.077846559149,24.645873791563496
7441.077846559149,24.645873791563496
7558.656087307864,24.678072091998516
7558.656087307864,24.678072091998516
7558.656087307864,24.678072091998516
7558.656087307864,24.678072091998516
7558.656087307864,24.678072091998516
7579.994869069433,24.66722598892054
7553.786645772766,24.529485035415288
7553.786645772766,24.529485035415288
7330.900099049366,24.701597512695308
7330.900099049366,24.701597512695308
7228.448449236778,24.58557133712999
7228.448449236778,24.58557133712999
7228.448449236778,24.58557133712999
7234.775959305053,24.634427376113596
7234.775959305053,24.634427376113596
7234.775959305053,24.634427376113596
7234.775959305053,24.634427376113596
7692.112189141279,24.727584013941662
7692.112189141279,24.727584013941662
7692.112189141279,24.727584013941662
7692.112189141279,24.727584013941662
7424.776575351248,24.69752203368095
7424.776575351248,24.69752203368095
7424.776575351248,24.69752203368095
7424.776575351248,24.69752203368095
7313.062935123041,24.539678651450075
7313.062935123041,24.539678651450075
7313.062935123041,24.539678651450075
7313.062935123041,24.539678651450075
7313.062935123041,24.539678651450075
7313.062935123041,24.539678651450075
7313.062935123041,24.539678651450075
7457.1188025623815,24.593016247904202
7414.886467762207,24.613897781751987
7442.439570306945,24.593846567536236
7442.439570306945,24.593846567536236
7442.439570306945,24.593846567536236
7442.439570306945,24.593846567536236
7531.3268914469845,24.54993954477081
7531.3268914469845,24.54993954477081
7531.3268914469845,24.54993954477081
7389.064087862962,24.6063169271031
7389.064087862962,24.6063169271031
7389.064087862962,24.6063169271031
7389.064087862962,24.6063169271031
7389.064087862962,24.6063169271031
7389.064087862962,24.6063169271031
7389.064087862962,24.6063169271031
7552.833241475607,24.52718236049953
7552.833241475607,24.52718236049953
7552.833241475607,24.52718236049953
7552.833241475607,24.52718236049953
7172.050154844186,24.722471029728002
7172.050154844186,24.722471029728002
7172.050154844186,24.722471029728002
7172.050154844186,24.722471029728002
7098.350358863135,24.720320941544692
7098.350358863135,24.720320941544692
7098.350358863135,24.720320941544692
7449.1799199585175,24.684283660651356
7449.1799199585175,24.684283660651356
7449.1799199585175,24.684283660651356
7449.1799199585175,24.684283660651356
7449.1799199585175,24.684283660651356
7449.1799199585175,24.684283660651356
7449.1799199585175,24.684283660651356
7449.1799199585175,24.684283660651356
7596.615982818522,24.629226707204722
7596.615982818522,24.629226707204722
7596.615982818522,24.629226707204722
7596.615982818522,24.629226707204722
7596.615982818522,24.629226707204722
7596.615982818522,24.629226707204722
7596.615982818522,24.629226707204722
7596.615982818522,24.629226707204722
7596.615982818522,24.629226707204722
7596.615982818522,24.629226707204722
7596.615982818522,24.629226707204722
8215.727453106465,24.685225731480838
7569.454518109801,24.68527249814677
7569.454518109801,24.68527249814677
7569.454518109801,24.68527249814677
7569.454518109801,24.68527249814677
7569.454518109801,24.68527249814677
7569.454518109801,24.68527249814677
7569.454518109801,24.68527249814677
7242.730110878492,24.65387633428078
7242.730110878492,24.65387633428078
7242.730110878492,24.65387633428078
7242.730110878492,24.65387633428078
7242.730110878492,24.65387633428078
7242.730110878492,24.65387633428078
7242.730110878492,24.65387633428078
7242.730110878492,24.65387633428078
7242.730110878492,24.65387633428078
7242.730110878492,24.65387633428078
7242.730110878492,24.65387633428078
7191.926565600414,24.638173646295126
7191.926565600414,24.638173646295126
7191.926565600414,24.638173646295126
7191.926565600414,24.638173646295126
7191.926565600414,24.638173646295126
7191.926565600414,24.638173646295126
7191.926565600414,24.638173646295126
7191.926565600414,24.638173646295126
7191.926565600414,24.638173646295126
7312.894494409301,24.73714211371118
7312.894494409301,24.73714211371118
7375.827940436462,24.720000563531595
7375.827940436462,24.720000563531595
7375.827940436462,24.720000563531595
7737.178048722155,24.606080052518816
7298.68408034589,24.638181951450115
7298.68408034589,24.638181951450115
7298.68408034589,24.638181951450115
7298.68408034589,24.638181951450115
7298.68408034589,24.638181951450115
7298.68408034589,24.638181951450115
7578.762795975084,24.642179706081638
7938.394814748503,24.579574911367345
7938.394814748503,24.579574911367345
7938.394814748503,24.579574911367345
7938.394814748503,24.579574911367345
7938.394814748503,24.579574911367345
7760.28716191778,24.680276879089178
7760.28716191778,24.680276879089178
7631.9381959783495,24.57267509470077
7631.9381959783495,24.57267509470077
7631.9381959783495,24.57267509470077
7631.9381959783495,24.57267509470077
7646.511760280559,24.54571215505993
7646.511760280559,24.54571215505993
7503.540828786366,24.588650021922952
7503.540828786366,24.588650021922952
7503.540828786366,24.588650021922952
7026.818310013042,24.733069199783504
7026.818310013042,24.733069199783504
7026.818310013042,24.733069199783504
7026.818310013042,24.733069199783504
7026.818310013042,24.733069199783504
7568.163858795812,24.76586889092314
7568.163858795812,24.76586889092314
7568.163858795812,24.76586889092314
7436.127726110428,24.75715334031653
7596.341367973646,24.648680276708056
7596.341367973646,24.648680276708056
7596.341367973646,24.648680276708056
7596.341367973646,24.648680276708056
7596.341367973646,24.648680276708056
7596.341367973646,24.648680276708056
7596.341367973646,24.648680276708056
7596.341367973646,24.648680276708056
7596.341367973646,24.648680276708056
7596.341367973646,24.648680276708056
7596.341367973646,24.648680276708056
7596.341367973646,24.648680276708056
7596.341367973646,24.648680276708056
7596.341367973646,24.648680276708056
7481.452613851028,24.622836746136525
7481.452613851028,24.622836746136525
7481.452613851028,24.622836746136525
7481.452613851028,24.622836746136525
7324.822273601854,24.697886262179576
7324.822273601854,24.697886262179576
7324.822273601854,24.697886262179576
7324.822273601854,24.697886262179576
7324.822273601854,24.697886262179576
7181.456496386602,24.664429522817624
7382.364625097927,24.710752639204276
7382.364625097927,24.710752639204276
7382.364625097927,24.710752639204276
7382.364625097927,24.710752639204276
7382.364625097927,24.710752639204276
7382.364625097927,24.710752639204276
7382.364625097927,24.710752639204276
7382.364625097927,24.710752639204276
7382.364625097927,24.710752639204276
7382.364625097927,24.710752639204276
7382.364625097927,24.710752639204276
7382.364625097927,24.710752639204276
7382.364625097927,24.710752639204276
7382.364625097927,24.710752639204276
7293.017139197897,24.72159828485869
7293.017139197897,24.72159828485869
7293.017139197897,24.72159828485869
7293.017139197897,24.72159828485869
7293.017139197897,24.72159828485869
7188.302451628226,24.668506100032026
7188.302451628226,24.668506100032026
7188.302451628226,24.668506100032026
7437.390420059126,24.72845221776626
7437.390420059126,24.72845221776626
7140.527010019929,24.702938477559062
6907.996647449801,24.652473748964898
6907.996647449801,24.652473748964898
6907.996647449801,24.652473748964898
6907.996647449801,24.652473748964898
6907.996647449801,24.652473748964898
6907.996647449801,24.652473748964898
6907.996647449801,24.652473748964898
6907.996647449801,24.652473748964898
6907.996647449801,24.652473748964898
6919.930145827845,24.75826478164677
6919.930145827845,24.75826478164677
6919.930145827845,24.75826478164677
6919.930145827845,24.75826478164677
7265.532323752695,24.559687737666252
7673.271675244065,24.48858155646772
7673.271675244065,24.48858155646772
7359.529755255444,24.681566146414287
7359.529755255444,24.681566146414287
7359.529755255444,24.681566146414287
7359.529755255444,24.681566146414287
7359.529755255444,24.681566146414287
7359.529755255444,24.681566146414287
7522.229225346962,24.45830592186586
7522.229225346962,24.45830592186586
7448.840333222239,24.532927769209188
7224.110116536937,24.69805941580941
7398.568703250756,24.57188151699838
7205.426463194752,24.744659252133424
7205.426463194752,24.744659252133424
7305.812718257009,24.61669061081869
7305.812718257009,24.61669061081869
7549.802842930459,24.646946657527877
7549.802842930459,24.646946657527877
7866.042042035836,24.689835817356585
7866.042042035836,24.689835817356585
7839.775074741477,24.71674872019255
7839.775074741477,24.71674872019255
7839.775074741477,24.71674872019255
7839.775074741477,24.71674872019255
7839.775074741477,24.71674872019255
7815.379479464175,24.649412106328064
7815.379479464175,24.649412106328064
7603.645762041997,24.51040279704615
7399.796654048234,24.782762081684787
7399.796654048234,24.782762081684787
7399.796654048234,24.782762081684787
7481.16059255011,24.837579164683355
7481.16059255011,24.837579164683355
7481.16059255011,24.837579164683355
8088.04039977911,24.70538966404437
8088.04039977911,24.70538966404437
8088.04039977911,24.70538966404437
8088.04039977911,24.70538966404437
8088.04039977911,24.70538966404437
8088.04039977911,24.70538966404437
7808.957526836853,24.85596763729237
7808.957526836853,24.85596763729237
8191.3771179981195,24.617149351221954
7864.175923699177,24.731737007698385
7864.175923699177,24.731737007698385
7441.912468944857,24.772874789829736
7539.443905368483,24.58580882682992
7524.4535749025035,24.536526034362865
7524.4535749025035,24.536526034362865
7524.4535749025035,24.536526034362865
7391.8006725179275,24.706410700473732
7391.8006725179275,24.706410700473732
7391.8006725179275,24.706410700473732
7391.8006725179275,24.706410700473732
7391.8006725179275,24.706410700473732
7391.8006725179275,24.706410700473732
7628.4640279905925,24.570540141248447
7628.4640279905925,24.570540141248447
7828.987724971019,24.740688594587922
7828.987724971019,24.740688594587922
7828.987724971019,24.740688594587922
7828.987724971019,24.740688594587922
8026.566556153848,24.620095814392986
8026.566556153848,24.620095814392986
8026.566556153848,24.620095814392986
8026.566556153848,24.620095814392986
7690.715445594297,24.540163417570355
7690.715445594297,24.540163417570355
7652.299193810215,24.606731563026457
7652.299193810215,24.606731563026457
7652.299193810215,24.606731563026457
8216.14974065872,24.73112466145508
8240.30286435599,24.681598567434925
8408.157346508558,24.707193587147987
8408.157346508558,24.707193587147987
8408.157346508558,24.707193587147987
8408.157346508558,24.707193587147987
8408.157346508558,24.707193587147987
8408.157346508558,24.707193587147987
8408.157346508558,24.707193587147987
8408.157346508558,24.707193587147987
8625.471447301183,24.610645660293958
8625.471447301183,24.610645660293958
8625.471447301183,24.610645660293958
8625.471447301183,24.610645660293958
8625.471447301183,24.610645660293958
8841.857675043511,24.69867561294518
9068.761309872012,24.669686927757798
9068.761309872012,24.669686927757798
9068.761309872012,24.669686927757798
9068.761309872012,24.669686927757798
8673.224596967999,24.67249216136595
8298.064135180082,24.60546790264252
8298.064135180082,24.60546790264252
8298.064135180082,24.60546790264252
8138.281458466944,24.710001930034156
8083.2179360058235,24.670144344879812
7738.114497289663,24.614160343586516
7750.4313108526285,24.717036817967532
8165.755107173225,24.586852779878594
8165.755107173225,24.586852779878594
8165.755107173225,24.586852779878594
8058.879893742105,24.47674580471757
8058.879893742105,24.47674580471757
8176.621930788041,24.51086298117525
8176.621930788041,24.51086298117525
8176.621930788041,24.51086298117525
8176.621930788041,24.51086298117525
8266.375407681498,24.591500738396086
8247.27024498014,24.633982835598925
8247.27024498014,24.633982835598925
8247.27024498014,24.633982835598925
8247.27024498014,24.633982835598925
8247.27024498014,24.633982835598925
8247.27024498014,24.633982835598925
8247.27024498014,24.633982835598925
8315.882263094965,24.61107758227457
8315.882263094965,24.61107758227457
8315.882263094965,24.61107758227457
8315.882263094965,24.61107758227457
8315.882263094965,24.61107758227457
8315.882263094965,24.61107758227457
8315.882263094965,24.61107758227457
8315.882263094965,24.61107758227457
8315.882263094965,24.61107758227457
8312.520988637592,24.555507623108856
8312.520988637592,24.555507623108856
7987.066963163681,24.613873956008874
7987.066963163681,24.613873956008874
7959.097510565728,24.657381661819866
7959.097510565728,24.657381661819866
7959.097510565728,24.657381661819866
7959.097510565728,24.657381661819866
7959.097510565728,24.657381661819866
7959.097510565728,24.657381661819866
7959.097510565728,24.657381661819866
7959.097510565728,24.657381661819866
7959.097510565728,24.657381661819866
7959.097510565728,24.657381661819866
7959.097510565728,24.657381661819866
7959.097510565728,24.657381661819866
8226.480207818411,24.632783424562028
7872.0578943796445,24.72320988352213
7674.66532620845,24.83365053118595
7674.66532620845,24.83365053118595
7508.586625843005,24.689386106533505
7738.359561373298,24.63030558960513
8085.625144486628,24.680005624972527
8406.738803578963,24.62010340998414
8406.738803578963,24.62010340998414
8406.738803578963,24.62010340998414
8406.738803578963,24.62010340998414
8406.738803578963,24.62010340998414
8406.738803578963,24.62010340998414
8406.738803578963,24.62010340998414
8406.738803578963,24.62010340998414
8406.738803578963,24.62010340998414
8749.98564170936,24.69922027277766
8749.98564170936,24.69922027277766
8900.761386210927,24.626622511326214
8900.761386210927,24.626622511326214
8900.761386210927,24.626622511326214
8900.761386210927,24.626622511326214
8948.435970683222,24.67967249203353
8948.435970683222,24.67967249203353
8948.435970683222,24.67967249203353
8725.857869159376,24.698377643104955
8725.857869159376,24.698377643104955
8725.857869159376,24.698377643104955
8725.857869159376,24.698377643104955
8870.668358255418,24.651525203046596
8870.668358255418,24.651525203046596
8870.668358255418,24.651525203046596
8930.765479991738,24.621050400320975
8930.765479991738,24.621050400320975
8930.765479991738,24.621050400320975
8930.765479991738,24.621050400320975
8930.765479991738,24.621050400320975
8883.246338104253,24.609667603441892
8828.63869211729,24.725959478099572
8828.63869211729,24.725959478099572
8828.63869211729,24.725959478099572
8828.63869211729,24.725959478099572
8828.63869211729,24.725959478099572
8828.63869211729,24.725959478099572
8828.63869211729,24.725959478099572
8702.02591247864,24.543506779605575
8690.580309498577,24.64733289262992
8690.580309498577,24.64733289262992
7833.85661849861,24.52853042585447
7705.26174051492,24.58112819063749
7705.26174051492,24.58112819063749
7521.357695972749,24.50854683829114
7521.357695972749,24.50854683829114
7521.357695972749,24.50854683829114
8191.873569041463,24.523379900234765
8191.873569041463,24.523379900234765
8223.973435451997,24.54601576227438
8223.973435451997,24.54601576227438
8553.284537385749,24.619799366775386
8553.284537385749,24.619799366775386
8553.284537385749,24.619799366775386
8553.284537385749,24.619799366775386
8553.284537385749,24.619799366775386
8553.284537385749,24.619799366775386
8553.284537385749,24.619799366775386
8553.284537385749,24.619799366775386
8553.284537385749,24.619799366775386
8553.284537385749,24.619799366775386
8446.826725320876,24.6245638310803
8446.826725320876,24.6245638310803
8446.826725320876,24.6245638310803
8547.304703519569,24.71864790111115
8547.304703519569,24.71864790111115
8547.304703519569,24.71864790111115
8223.31173964879,24.67715432464524
8229.140749134449,24.53595727300409
8089.381928785621,24.654695128416872
8089.381928785621,24.654695128416872
7552.353831975353,24.692429949556292
7552.353831975353,24.692429949556292
7552.353831975353,24.692429949556292
7552.353831975353,24.692429949556292
7595.460859055331,24.75161751479055
7330.3849411835745,24.753335250961193
7586.019737738611,24.678313059620372
7586.019737738611,24.678313059620372
7586.019737738611,24.678313059620372
7586.019737738611,24.678313059620372
7586.019737738611,24.678313059620372
7586.019737738611,24.678313059620372
7586.019737738611,24.678313059620372
7586.019737738611,24.678313059620372
7586.019737738611,24.678313059620372
7626.427201967099,24.721408619857183
7788.015446915044,24.62768017283589
7901.4451226310775,24.640832955130076
7901.4451226310775,24.640832955130076
7901.4451226310775,24.640832955130076
7901.4451226310775,24.640832955130076
7681.705772815649,24.659016318927065
7681.705772815649,24.659016318927065
7681.705772815649,24.659016318927065
7681.705772815649,24.659016318927065
7620.917193362793,24.58397214179687
7620.917193362793,24.58397214179687
7620.917193362793,24.58397214179687
7620.917193362793,24.58397214179687
7620.917193362793,24.58397214179687
7620.917193362793,24.58397214179687
7620.917193362793,24.58397214179687
8172.107459214252,24.58941413774343
8220.995640679308,24.75584517109222
8220.995640679308,24.75584517109222
8220.995640679308,24.75584517109222
8220.995640679308,24.75584517109222
7938.789442393368,24.658521538040127
7938.789442393368,24.658521538040127
7938.789442393368,24.658521538040127
7938.789442393368,24.658521538040127
7938.789442393368,24.658521538040127
7938.789442393368,24.658521538040127
7938.789442393368,24.658521538040127
7938.789442393368,24.658521538040127
7938.789442393368,24.658521538040127
7938.789442393368,24.658521538040127
7938.789442393368,24.658521538040127
7938.789442393368,24.658521538040127
7938.789442393368,24.658521538040127
7938.789442393368,24.658521538040127
7938.789442393368,24.658521538040127
7938.789442393368,24.658521538040127
7938.789442393368,24.658521538040127
8027.680198779223,24.707988835097016
8027.680198779223,24.707988835097016
8027.680198779223,24.707988835097016
8027.680198779223,24.707988835097016
8027.680198779223,24.707988835097016
8027.680198779223,24.707988835097016
8027.680198779223,24.707988835097016
8027.680198779223,24.707988835097016
8027.680198779223,24.707988835097016
8326.857037269961,24.60505203280575
8363.224251221745,24.586448521368588
8363.224251221745,24.586448521368588
8363.224251221745,24.586448521368588
8363.224251221745,24.586448521368588
8363.224251221745,24.586448521368588
8272.629085543616,24.58414159424553
8300.82779124346,24.68729282902841
8300.82779124346,24.68729282902841
8300.82779124346,24.68729282902841
8300.82779124346,24.68729282902841
8300.82779124346,24.68729282902841
8300.82779124346,24.68729282902841
8300.82779124346,24.68729282902841
8300.82779124346,24.68729282902841
8300.82779124346,24.68729282902841
8300.82779124346,24.68729282902841
8300.82779124346,24.68729282902841
8300.82779124346,24.68729282902841
8300.82779124346,24.68729282902841
8300.82779124346,24.68729282902841
8300.82779124346,24.68729282902841
8461.082438166795,24.589432142217863
8562.22528444064,24.668126649769405
8562.22528444064,24.668126649769405
8562.22528444064,24.668126649769405
7832.017533093094,24.61125041082425
7832.017533093094,24.61125041082425
7832.017533093094,24.61125041082425
8229.030430641447,24.68510581552135
8138.796922182588,24.59068689377483
8138.796922182588,24.59068689377483
8138.796922182588,24.59068689377483
8138.796922182588,24.59068689377483
8138.796922182588,24.59068689377483
8138.796922182588,24.59068689377483
8138.796922182588,24.59068689377483
8138.796922182588,24.59068689377483
8138.796922182588,24.59068689377483
7487.552449487441,24.63009116364633
7487.552449487441,24.63009116364633
7487.552449487441,24.63009116364633
7487.552449487441,24.63009116364633
7223.8998986454935,24.67042416995185
7223.8998986454935,24.67042416995185
7223.8998986454935,24.67042416995185
7223.8998986454935,24.67042416995185
7027.385659274029,24.732927787747386
6925.047525863011,24.69507015971389
6925.047525863011,24.69507015971389
6925.047525863011,24.69507015971389
7688.96417694379,24.599173572011527
7309.65470735713,24.598374321469283
7309.65470735713,24.598374321469283
7309.65470735713,24.598374321469283
7309.65470735713,24.598374321469283
7309.65470735713,24.598374321469283
7309.65470735713,24.598374321469283
7309.65470735713,24.598374321469283
7309.65470735713,24.598374321469283
7309.65470735713,24.598374321469283
7309.65470735713,24.598374321469283
7309.65470735713,24.598374321469283
7309.65470735713,24.598374321469283
7309.65470735713,24.598374321469283
7309.65470735713,24.598374321469283
7309.65470735713,24.598374321469283
7399.047934240004,24.614502834500918
7399.047934240004,24.614502834500918
7399.047934240004,24.614502834500918
7399.047934240004,24.614502834500918
7399.047934240004,24.614502834500918
7399.047934240004,24.614502834500918
7399.047934240004,24.614502834500918
7399.047934240004,24.614502834500918
7399.047934240004,24.614502834500918
7399.047934240004,24.614502834500918
7101.193272978735,24.663998091810193
7101.193272978735,24.663998091810193
7101.193272978735,24.663998091810193
7101.193272978735,24.663998091810193
7101.193272978735,24.663998091810193
7101.193272978735,24.663998091810193
7101.193272978735,24.663998091810193
7101.193272978735,24.663998091810193
7101.193272978735,24.663998091810193
7467.109582881619,24.641503438656112
7467.109582881619,24.641503438656112
7467.109582881619,24.641503438656112
7467.109582881619,24.641503438656112
7664.64802486194,24.72520714177374
7533.508654374881,24.724103004708414
7533.508654374881,24.724103004708414
7533.508654374881,24.724103004708414
7020.810621654013,24.70548699581106
6648.758611158039,24.76077194051653
6648.758611158039,24.76077194051653
6648.758611158039,24.76077194051653
6648.758611158039,24.76077194051653
6648.758611158039,24.76077194051653
6558.433607887396,24.669513103056588
6560.305057424458,24.5890221843684
6560.305057424458,24.5890221843684
6560.305057424458,24.5890221843684
6531.496882739335,24.72662120650879
6531.496882739335,24.72662120650879
6514.528541864878,24.76278597767447
6514.528541864878,24.76278597767447
6514.528541864878,24.76278597767447
6514.528541864878,24.76278597767447
6540.547880537653,24.776551899154185
6540.547880537653,24.776551899154185
6540.547880537653,24.776551899154185
6660.099362755242,24.760397836643413
6660.099362755242,24.760397836643413
6660.099362755242,24.760397836643413
6660.099362755242,24.760397836643413
6660.099362755242,24.760397836643413
6660.099362755242,24.760397836643413
6660.099362755242,24.760397836643413
6660.099362755242,24.760397836643413
6660.099362755242,24.760397836643413
6660.099362755242,24.760397836643413
6660.099362755242,24.760397836643413
6660.099362755242,24.760397836643413
6660.099362755242,24.760397836643413
7289.748332521862,24.66783479225508
7289.748332521862,24.66783479225508
7057.206829683615,24.632333934917167
7097.051939596869,24.625104785277777
7097.051939596869,24.625104785277777
7097.051939596869,24.625104785277777
7097.051939596869,24.625104785277777
7097.051939596869,24.625104785277777
7124.146790515728,24.51684415377377
7124.146790515728,24.51684415377377
7200.194137226758,24.75870246594154
7200.194137226758,24.75870246594154
7200.194137226758,24.75870246594154
7200.194137226758,24.75870246594154
7200.194137226758,24.75870246594154
7464.129192906097,24.523048172422065
7585.22127168367,24.778549357758095
7470.572849763,24.66190850050091
7470.572849763,24.66190850050091
7470.572849763,24.66190850050091
7948.411357747281,24.562669698473268
8107.8899958388165,24.72483365595892
8107.8899958388165,24.72483365595892
7816.484637198797,24.5658883316793
7816.484637198797,24.5658883316793
7934.822805396737,24.490910337812963
7934.822805396737,24.490910337812963
7844.857578169233,24.504025859726887
7914.719072127325,24.61593488887091
7914.719072127325,24.61593488887091
8076.57831039697,24.589641986340382
8076.57831039697,24.589641986340382
8076.57831039697,24.589641986340382
8109.367176454436,24.64751860997659
8020.244313640291,24.528485537584853
8020.244313640291,24.528485537584853
8020.244313640291,24.528485537584853
8020.244313640291,24.528485537584853
7852.144605262899,24.73792238970806
7852.144605262899,24.73792238970806
7841.167914002524,24.825356045799616
7841.167914002524,24.825356045799616
7841.167914002524,24.825356045799616
7841.167914002524,24.825356045799616
7841.167914002524,24.825356045799616
7841.167914002524,24.825356045799616
7841.167914002524,24.825356045799616
7841.167914002524,24.825356045799616
7671.415961728954,24.78372120598747
7671.415961728954,24.78372120598747
7381.326369754194,24.798466286904432
6867.03857089265,24.780599045542733
6867.03857089265,24.780599045542733
6867.03857089265,24.780599045542733
6867.03857089265,24.780599045542733
6927.037571051986,24.758440344133202
6927.037571051986,24.758440344133202
6927.037571051986,24.758440344133202
6927.037571051986,24.758440344133202
7191.6936204407975,24.712488278333613
7137.062191308035,24.48576816195745
7137.062191308035,24.48576816195745
7137.062191308035,24.48576816195745
7494.679764855488,24.684862341900935
7494.679764855488,24.684862341900935
7494.679764855488,24.684862341900935
7494.679764855488,24.684862341900935
7924.724707802429,24.588683026307134
7924.724707802429,24.588683026307134
7924.724707802429,24.588683026307134
8045.700170719736,24.63904819034925
8045.700170719736,24.63904819034925
8045.700170719736,24.63904819034925
8299.661218740304,24.530527518382673
8299.661218740304,24.530527518382673
8299.661218740304,24.530527518382673
8299.661218740304,24.530527518382673
8299.661218740304,24.530527518382673
8299.661218740304,24.530527518382673
8299.661218740304,24.530527518382673
8299.661218740304,24.530527518382673
8371.180029584182,24.690142064072205
7909.33321029617,24.637773704110273
7909.33321029617,24.637773704110273
8353.182246850787,24.572828153398998
8353.182246850787,24.572828153398998
8353.182246850787,24.572828153398998
8353.182246850787,24.572828153398998
8728.648130010295,24.5061627112612
8617.22263518191,24.56776881503382
8617.22263518191,24.56776881503382
8617.22263518191,24.56776881503382
8681.377953725381,24.564554785241818
8681.377953725381,24.564554785241818
8681.377953725381,24.564554785241818
8681.377953725381,24.564554785241818
8681.377953725381,24.564554785241818
9033.573951184886,24.631480687061522
9033.573951184886,24.631480687061522
9033.573951184886,24.631480687061522
9033.573951184886,24.631480687061522
9033.573951184886,24.631480687061522
9033.573951184886,24.631480687061522
8976.560741375622,24.687421725129813
8976.560741375622,24.687421725129813
8924.732137504758,24.695767837756286
8924.732137504758,24.695767837756286
8924.732137504758,24.695767837756286
8664.662532026241,24.79299847029522
8765.701572132908,24.73269686957813
8765.701572132908,24.73269686957813
8765.701572132908,24.73269686957813
8765.701572132908,24.73269686957813
8765.701572132908,24.73269686957813
8764.166293721679,24.693702003929268
8764.166293721679,24.693702003929268
8764.166293721679,24.693702003929268
8033.3457679590365,24.534488032684365
8033.3457679590365,24.534488032684365
8310.594890497,24.74944890606595
8038.972365455281,24.77072901680013
8140.067977352159,24.561050253222653
8140.067977352159,24.561050253222653
8000.302358388653,24.621111811798745
8058.146044794153,24.64922775130598
8016.854418051735,24.651222839931155
8016.854418051735,24.651222839931155
8016.854418051735,24.651222839931155
8016.854418051735,24.651222839931155
8016.854418051735,24.651222839931155
8016.854418051735,24.651222839931155
8016.854418051735,24.651222839931155
7664.727255581465,24.637182185660908
8087.967358693454,24.60533356050779
8087.967358693454,24.60533356050779
8087.967358693454,24.60533356050779
7891.293375777224,24.680717037452663
7891.293375777224,24.680717037452663
7891.293375777224,24.680717037452663
7846.538638883128,24.693979565513665
7612.821836007572,24.63710036257469
7612.821836007572,24.63710036257469
7612.821836007572,24.63710036257469
7612.821836007572,24.63710036257469
7612.821836007572,24.63710036257469
7612.821836007572,24.63710036257469
7555.428325476346,24.63228628287514
7555.428325476346,24.63228628287514
7463.618692541054,24.635277937485704
7463.618692541054,24.635277937485704
7463.618692541054,24.635277937485704
7132.0702947589325,24.511137192479406
6994.635073893738,24.768246034936926
7418.42609353183,24.72050784836059
7418.42609353183,24.72050784836059
7418.42609353183,24.72050784836059
7418.42609353183,24.72050784836059
7418.42609353183,24.72050784836059
7418.42609353183,24.72050784836059
7418.42609353183,24.72050784836059
7418.42609353183,24.72050784836059
7499.578748888602,24.72893241003902
7499.578748888602,24.72893241003902
7510.161136095955,24.774172524227527
7557.758945350037,24.745686139823963
6871.324764900159,24.66889501097723
7431.316441046294,24.559294898767927
7431.316441046294,24.559294898767927
7431.316441046294,24.559294898767927
7228.188173231331,24.626585866815986
7228.188173231331,24.626585866815986
7228.188173231331,24.626585866815986
7228.188173231331,24.626585866815986
7228.188173231331,24.626585866815986
7228.188173231331,24.626585866815986
7228.188173231331,24.626585866815986
7228.188173231331,24.626585866815986
7228.188173231331,24.626585866815986
7228.188173231331,24.626585866815986
7635.914619715288,24.572892067413274
7399.483252060289,24.740765047516383
7267.839284111457,24.759787845348693
7347.922449275402,24.700723941094754
7347.922449275402,24.700723941094754
7347.922449275402,24.700723941094754
7347.922449275402,24.700723941094754
7210.36427029932,24.70216941626791
7210.36427029932,24.70216941626791
7210.36427029932,24.70216941626791
7339.0551093686045,24.62478522162365
7339.0551093686045,24.62478522162365
7244.35779861948,24.65873826450986
7244.35779861948,24.65873826450986
7244.35779861948,24.65873826450986
7244.35779861948,24.65873826450986
7244.35779861948,24.65873826450986
7244.35779861948,24.65873826450986
7244.35779861948,24.65873826450986
7602.403039264035,24.64175690896452
7793.2888661705265,24.63019833210319
8112.329848212989,24.55611984604996
8112.329848212989,24.55611984604996
8112.329848212989,24.55611984604996
8112.329848212989,24.55611984604996
8411.587665576222,24.64095334089974
7762.882555934853,24.48905823947877
7762.882555934853,24.48905823947877
7915.975151486221,24.773968960882076
7915.975151486221,24.773968960882076
7915.975151486221,24.773968960882076
8576.832681813474,24.70556729342759
8371.997058066918,24.622137079830676
8371.997058066918,24.622137079830676
8371.997058066918,24.622137079830676
8371.997058066918,24.622137079830676
8371.997058066918,24.622137079830676
8371.997058066918,24.622137079830676
8371.997058066918,24.622137079830676
8371.997058066918,24.622137079830676
8371.997058066918,24.622137079830676
8371.997058066918,24.622137079830676
8371.997058066918,24.622137079830676
8371.997058066918,24.622137079830676
8371.997058066918,24.622137079830676
8371.997058066918,24.622137079830676
7955.4192278096125,24.726423772918878
7955.4192278096125,24.726423772918878
7950.434086284677,24.702788678687583
7950.434086284677,24.702788678687583
7950.434086284677,24.702788678687583
7950.434086284677,24.702788678687583
7950.434086284677,24.702788678687583
7950.434086284677,24.702788678687583
8226.179187322356,24.48963674564935
8226.179187322356,24.48963674564935
7986.961322159553,24.728333542973417
7986.961322159553,24.728333542973417
7747.418144808042,24.62031609563731
7747.418144808042,24.62031609563731
7641.4263929841945,24.627317314880937
7859.4812948129775,24.618953630995676
7859.4812948129775,24.618953630995676
7569.77438153324,24.477829343501334
7993.3485539587355,24.662889141088183
7812.243749915757,24.639099714720565
7812.243749915757,24.639099714720565
7812.243749915757,24.639099714720565
7812.243749915757,24.639099714720565
7860.885237509238,24.498144247020697
8104.383106687368,24.701913114707363
8104.383106687368,24.701913114707363
8104.383106687368,24.701913114707363
7963.356262624545,24.632272434520434
7377.73786005677,24.768417704079923
7377.73786005677,24.768417704079923
7139.033186025041,24.571760770280807
7139.033186025041,24.571760770280807
7139.033186025041,24.571760770280807
7152.472784583483,24.709228969339435
7152.472784583483,24.709228969339435
7523.773252781054,24.645293439751036
7523.773252781054,24.645293439751036
7557.781198964014,24.714588658254865
7557.781198964014,24.714588658254865
7557.781198964014,24.714588658254865
7557.781198964014,24.714588658254865
7557.781198964014,24.714588658254865
7557.781198964014,24.714588658254865
7557.781198964014,24.714588658254865
7557.781198964014,24.714588658254865
7557.781198964014,24.714588658254865
7065.924111276209,24.624018879089302
7065.924111276209,24.624018879089302
7482.35732910518,24.64866475122054
7482.35732910518,24.64866475122054
7482.35732910518,24.64866475122054
7482.35732910518,24.64866475122054
7482.35732910518,24.64866475122054
7482.35732910518,24.64866475122054
7482.35732910518,24.64866475122054
7482.35732910518,24.64866475122054
7482.35732910518,24.64866475122054
7482.35732910518,24.64866475122054
7482.35732910518,24.64866475122054
7482.35732910518,24.64866475122054
7482.35732910518,24.64866475122054
7482.35732910518,24.64866475122054
7482.35732910518,24.64866475122054
7482.35732910518,24.64866475122054
7482.35732910518,24.64866475122054
7635.786374490114,24.580184332912648
7635.786374490114,24.580184332912648
7635.786374490114,24.580184332912648
7635.786374490114,24.580184332912648
7635.786374490114,24.580184332912648
7635.786374490114,24.580184332912648
7635.786374490114,24.580184332912648
7635.786374490114,24.580184332912648
7635.786374490114,24.580184332912648
7635.786374490114,24.580184332912648
7635.786374490114,24.580184332912648
7635.786374490114,24.580184332912648
7555.285762245759,24.61538540615877
7764.887843474321,24.602834219821965
8058.392810016211,24.56713358643214
7815.438816184396,24.51461974104287
7815.438816184396,24.51461974104287
7815.438816184396,24.51461974104287
7876.8323917053885,24.54013661866038
7876.8323917053885,24.54013661866038
7876.8323917053885,24.54013661866038
8208.666551225062,24.770665435373257
8208.666551225062,24.770665435373257
8208.710038209692,24.634301476868206
8208.710038209692,24.634301476868206
8208.710038209692,24.634301476868206
7942.44460199356,24.681920288230252
7674.119180469705,24.58409449128562
7674.119180469705,24.58409449128562
7674.119180469705,24.58409449128562
7687.32140336477,24.715235233072367
7687.32140336477,24.715235233072367
7846.704145746096,24.708229993093052
7846.704145746096,24.708229993093052
7588.805512587959,24.697893418331866
7588.805512587959,24.697893418331866
7588.805512587959,24.697893418331866
7588.805512587959,24.697893418331866
7770.617451211406,24.696194361669974
7970.978191693892,24.565987664389635
7970.978191693892,24.565987664389635
7970.978191693892,24.565987664389635
8179.389516769851,24.709459205914484
8311.838638130022,24.64758398914927
8311.838638130022,24.64758398914927
8321.686052420275,24.72818222031574
8359.57183946999,24.653792414961703
8359.57183946999,24.653792414961703
8359.57183946999,24.653792414961703
8359.57183946999,24.653792414961703
8359.57183946999,24.653792414961703
8359.57183946999,24.653792414961703
7981.864509536152,24.62986692760127
7981.864509536152,24.62986692760127
7981.864509536152,24.62986692760127
7981.864509536152,24.62986692760127
7981.864509536152,24.62986692760127
7981.864509536152,24.62986692760127
7981.864509536152,24.62986692760127
7981.864509536152,24.62986692760127
8090.66148079233,24.753206144536794
8057.664049820904,24.650211985246116
8057.664049820904,24.650211985246116
8057.664049820904,24.650211985246116
8146.835951099155,24.61043052211859
8146.835951099155,24.61043052211859
8146.835951099155,24.61043052211859
8146.835951099155,24.61043052211859
8146.835951099155,24.61043052211859
8146.835951099155,24.61043052211859
8146.835951099155,24.61043052211859
8146.835951099155,24.61043052211859
8146.835951099155,24.61043052211859
8146.835951099155,24.61043052211859
8146.835951099155,24.61043052211859
8593.289071702824,24.757965622357528
8593.289071702824,24.757965622357528
8683.348443520266,24.730491419369685
8557.044873816061,24.73222206793484
8557.044873816061,24.73222206793484
8230.927563262008,24.744392339564016
8230.927563262008,24.744392339564016
8230.927563262008,24.744392339564016
8230.927563262008,24.744392339564016
8230.927563262008,24.744392339564016
8400.384729855645,24.701584975990908
8111.752479723236,24.723675482924403
7795.100910532526,24.692896868909713
7840.90948408131,24.596306164201618
7861.974338609607,24.609302103944977
7861.974338609607,24.609302103944977
7861.974338609607,24.609302103944977
7566.52243078444,24.58868217486544
7566.52243078444,24.58868217486544
7566.52243078444,24.58868217486544
7566.52243078444,24.58868217486544
7566.52243078444,24.58868217486544
7572.946111010386,24.63283180491807
7572.946111010386,24.63283180491807
7572.946111010386,24.63283180491807
7901.5904500446495,24.723781529213394
8137.0060875485415,24.73599813050488
8137.0060875485415,24.73599813050488
8244.010895581727,24.69005886435283
8244.010895581727,24.69005886435283
8657.287307592695,24.606748884224
8657.287307592695,24.606748884224
8307.156860719439,24.76650038034369
8625.613765076396,24.745588187678138
8580.1801490163,24.6269562436936
8580.1801490163,24.6269562436936
8580.1801490163,24.6269562436936
8580.1801490163,24.6269562436936
8533.331545679648,24.529708802597202
8533.331545679648,24.529708802597202
8533.331545679648,24.529708802597202
8621.392008279121,24.59528273781859
8621.392008279121,24.59528273781859
8621.392008279121,24.59528273781859
8621.392008279121,24.59528273781859
8621.392008279121,24.59528273781859
8621.392008279121,24.59528273781859
8621.392008279121,24.59528273781859
8621.392008279121,24.59528273781859
8621.392008279121,24.59528273781859
8398.359602719815,24.52765552943017
8655.901311456539,24.688205725012338
8589.356618170103,24.559812584614225
8330.561397971353,24.64548628948411
8330.561397971353,24.64548628948411
8336.002838037852,24.660570521784926
8336.002838037852,24.660570521784926
8336.002838037852,24.660570521784926
8336.002838037852,24.660570521784926
8336.002838037852,24.660570521784926
8336.002838037852,24.660570521784926
8336.002838037852,24.660570521784926
8336.002838037852,24.660570521784926
8336.002838037852,24.660570521784926
7973.216644387238,24.686682451490505
7973.216644387238,24.686682451490505
7973.216644387238,24.686682451490505
7719.721031595353,24.506529304595887
7112.152569261853,24.58638413518976
7469.70053644344,24.47220351778646
7591.929673456937,24.81400341619979
7591.929673456937,24.81400341619979
7591.929673456937,24.81400341619979
7983.761990671304,24.576353519464153
7983.761990671304,24.576353519464153
7983.761990671304,24.576353519464153
7983.761990671304,24.576353519464153
8379.096122866258,24.452117140536476
8379.096122866258,24.452117140536476
8379.096122866258,24.452117140536476
8379.096122866258,24.452117140536476
8379.096122866258,24.452117140536476
8366.18390496584,24.789032003446835
8366.18390496584,24.789032003446835
8366.18390496584,24.789032003446835
8321.84282448347,24.634651231238237
8321.84282448347,24.634651231238237
8321.84282448347,24.634651231238237
8321.84282448347,24.634651231238237
8321.84282448347,24.634651231238237
8321.84282448347,24.634651231238237
8321.84282448347,24.634651231238237
8321.84282448347,24.634651231238237
8321.84282448347,24.634651231238237
8321.84282448347,24.634651231238237
8321.84282448347,24.634651231238237
8497.317522198724,24.62224288971556
8497.317522198724,24.62224288971556
8497.317522198724,24.62224288971556
8497.317522198724,24.62224288971556
8497.317522198724,24.62224288971556
8497.317522198724,24.62224288971556
8467.227132798615,24.585466800094498
8292.065942925055,24.615824621428942
8277.814723424548,24.67069769053206
8277.814723424548,24.67069769053206
8277.814723424548,24.67069769053206
8277.814723424548,24.67069769053206
8277.814723424548,24.67069769053206
8277.814723424548,24.67069769053206
8277.814723424548,24.67069769053206
8277.814723424548,24.67069769053206
8277.814723424548,24.67069769053206
8277.814723424548,24.67069769053206
8058.334687806746,24.73174891822189
8058.334687806746,24.73174891822189
8452.609900648564,24.657844582365854
8347.83207619521,24.583202511686807
8347.83207619521,24.583202511686807
8049.00368184185,24.65145038218995
7474.001330329087,24.67239032663495
7474.001330329087,24.67239032663495
7474.001330329087,24.67239032663495
7474.001330329087,24.67239032663495
7474.001330329087,24.67239032663495
7474.001330329087,24.67239032663495
7474.001330329087,24.67239032663495
7474.001330329087,24.67239032663495
7331.822507989677,24.590271098327975
7331.822507989677,24.590271098327975
7024.71287507468,24.77820392047213
7152.711462190525,24.799765571353845
7152.711462190525,24.799765571353845
7209.312508085984,24.879490769446146
7209.312508085984,24.879490769446146
7209.312508085984,24.879490769446146
7209.312508085984,24.879490769446146
7209.312508085984,24.879490769446146
6625.766604822818,24.653686000950653
6625.766604822818,24.653686000950653
6625.766604822818,24.653686000950653
6625.766604822818,24.653686000950653
6625.766604822818,24.653686000950653
6625.766604822818,24.653686000950653
6569.0301307612335,24.52116690103991
6242.15532074913,24.66298486558738
6589.128503032508,24.7976511517325
6547.176072350165,24.693258596693497
6547.176072350165,24.693258596693497
6547.176072350165,24.693258596693497
6547.176072350165,24.693258596693497
6547.176072350165,24.693258596693497
6547.176072350165,24.693258596693497
6547.176072350165,24.693258596693497
6547.176072350165,24.693258596693497
6547.176072350165,24.693258596693497
6872.793709141371,24.837611999181146
6872.793709141371,24.837611999181146
6872.793709141371,24.837611999181146
7427.367517739367,24.83002929428569
7427.367517739367,24.83002929428569
8142.011544745786,24.7366732939783
8305.073153463685,24.729356381671117
8305.073153463685,24.729356381671117
8305.073153463685,24.729356381671117
8258.938534842391,24.736126954083645
8258.938534842391,24.736126954083645
8258.938534842391,24.736126954083645
8258.938534842391,24.736126954083645
8514.588200760456,24.75249197217658
8909.822070259774,24.70894427584826
8909.822070259774,24.70894427584826
8909.822070259774,24.70894427584826
8909.822070259774,24.70894427584826
8909.822070259774,24.70894427584826
8909.822070259774,24.70894427584826
8909.822070259774,24.70894427584826
8909.822070259774,24.70894427584826
8909.822070259774,24.70894427584826
8939.56339296839,24.73746914465026
8939.56339296839,24.73746914465026
8939.56339296839,24.73746914465026
8939.56339296839,24.73746914465026
8702.973395208057,24.65849835825643
8702.973395208057,24.65849835825643
8702.973395208057,24.65849835825643
8702.973395208057,24.65849835825643
8702.973395208057,24.65849835825643
8702.973395208057,24.65849835825643
8702.973395208057,24.65849835825643
8702.973395208057,24.65849835825643
8702.973395208057,24.65849835825643
8702.973395208057,24.65849835825643
8236.32754182916,24.533450453831627
8506.18017597261,24.61437365194007
8506.18017597261,24.61437365194007
8506.18017597261,24.61437365194007
8506.18017597261,24.61437365194007
8164.566157595289,24.551508932946255
8164.566157595289,24.551508932946255
8164.566157595289,24.551508932946255
8164.566157595289,24.551508932946255
8164.566157595289,24.551508932946255
8164.566157595289,24.551508932946255
8313.385576622868,24.526669646416543
8313.385576622868,24.526669646416543
8313.385576622868,24.526669646416543
8313.385576622868,24.526669646416543
8313.385576622868,24.526669646416543
8313.385576622868,24.526669646416543
8306.595107185323,24.711119103559597
8306.595107185323,24.711119103559597
8353.589404220504,24.6034503129231
8353.589404220504,24.6034503129231
8353.589404220504,24.6034503129231
8353.589404220504,24.6034503129231
8353.589404220504,24.6034503129231
8353.589404220504,24.6034503129231
8353.589404220504,24.6034503129231
7966.893075847427,24.51676072814468
7966.893075847427,24.51676072814468
7966.893075847427,24.51676072814468
7983.981985602385,24.72713326494067
7841.534489993915,24.530494931543014
7841.534489993915,24.530494931543014
8049.310414372173,24.68752468198113
8049.310414372173,24.68752468198113
8049.310414372173,24.68752468198113
8049.310414372173,24.68752468198113
8247.006094632505,24.544484219391265
8247.006094632505,24.544484219391265
8247.006094632505,24.544484219391265
8247.006094632505,24.544484219391265
7822.680848727263,24.741319964967655
7822.680848727263,24.741319964967655
7822.680848727263,24.741319964967655
7822.680848727263,24.741319964967655
7796.7935440163565,24.5902771749821
7753.850253832965,24.560573576267828
7753.850253832965,24.560573576267828
7753.850253832965,24.560573576267828
7753.850253832965,24.560573576267828
7525.803322401365,24.543348157251135
7780.863484752967,24.661675363754412
7780.863484752967,24.661675363754412
7780.863484752967,24.661675363754412
7493.177626343765,24.596173925266218
7493.177626343765,24.596173925266218
7493.177626343765,24.596173925266218
7493.177626343765,24.596173925266218
7493.177626343765,24.596173925266218
7493.177626343765,24.596173925266218
7493.177626343765,24.596173925266218
7493.177626343765,24.596173925266218
7415.934307408225,24.587375910513494
7415.934307408225,24.587375910513494
7415.934307408225,24.587375910513494
7415.934307408225,24.587375910513494
7671.81852164353,24.753861723060393
7456.271567848113,24.614582530763673
7456.271567848113,24.614582530763673
7456.271567848113,24.614582530763673
7456.271567848113,24.614582530763673
7456.271567848113,24.614582530763673
7654.03417132829,24.531071165876195
7654.03417132829,24.531071165876195
7510.646252536257,24.613107025031038
7510.646252536257,24.613107025031038
7510.646252536257,24.613107025031038
7712.367058969045,24.652979859621226
7712.367058969045,24.652979859621226
7847.626898405733,24.610093276687866
7847.626898405733,24.610093276687866
7847.626898405733,24.610093276687866
7847.626898405733,24.610093276687866
7847.626898405733,24.610093276687866
7847.626898405733,24.610093276687866
7847.626898405733,24.610093276687866
7913.575107505358,24.65351829983669
7913.575107505358,24.65351829983669
8212.254272950559,24.61088922555639
8212.254272950559,24.61088922555639
8212.254272950559,24.61088922555639
8212.254272950559,24.61088922555639
8212.254272950559,24.61088922555639
8212.254272950559,24.61088922555639
8212.254272950559,24.61088922555639
8212.254272950559,24.61088922555639
8212.254272950559,24.61088922555639
8212.254272950559,24.61088922555639
8212.254272950559,24.61088922555639
8067.71348973633,24.67578658693177
7549.537938267154,24.663512287928782
7549.537938267154,24.663512287928782
7549.537938267154,24.663512287928782
7549.537938267154,24.663512287928782
7458.644152400478,24.78047115804701
7458.644152400478,24.78047115804701
7458.644152400478,24.78047115804701
7458.644152400478,24.78047115804701
7458.644152400478,24.78047115804701
7654.425292047453,24.791050701581295
7654.425292047453,24.791050701581295
7654.425292047453,24.791050701581295
7654.425292047453,24.791050701581295
7654.425292047453,24.791050701581295
7654.425292047453,24.791050701581295
7881.751847248688,24.617751003461937
7566.69870368699,24.68532999341904
7566.69870368699,24.68532999341904
7566.69870368699,24.68532999341904
7566.69870368699,24.68532999341904
7566.69870368699,24.68532999341904
7401.739737974025,24.65180636169111
7446.650648781435,24.651706897488484
7446.650648781435,24.651706897488484
7641.201714914819,24.720194888711372
7641.201714914819,24.720194888711372
7641.201714914819,24.720194888711372
7641.201714914819,24.720194888711372
7641.201714914819,24.720194888711372
7641.201714914819,24.720194888711372
7355.081065282234,24.680455028981086
7349.722981929275,24.750716916057016
7349.722981929275,24.750716916057016
7349.722981929275,24.750716916057016
7349.722981929275,24.750716916057016
7349.722981929275,24.750716916057016
7349.722981929275,24.750716916057016
7349.722981929275,24.750716916057016
7349.722981929275,24.750716916057016
7349.722981929275,24.750716916057016
7349.722981929275,24.750716916057016
7349.722981929275,24.750716916057016
7349.722981929275,24.750716916057016
7349.722981929275,24.750716916057016
7111.535223770471,24.723101596647794
7111.535223770471,24.723101596647794
7111.535223770471,24.723101596647794
7362.040949011317,24.59314436593226
7362.040949011317,24.59314436593226
7844.851253070317,24.700521196604484
7844.851253070317,24.700521196604484
7844.851253070317,24.700521196604484
7844.851253070317,24.700521196604484
7844.851253070317,24.700521196604484
8268.886050073303,24.600190766270323
8268.886050073303,24.600190766270323
8268.886050073303,24.600190766270323
7783.388446898043,24.66468475621116
7783.388446898043,24.66468475621116
8028.948902856575,24.732656423532944
8028.948902856575,24.732656423532944
8028.948902856575,24.732656423532944
8028.948902856575,24.732656423532944
8028.948902856575,24.732656423532944
8000.080627192961,24.553064969761536
8000.080627192961,24.553064969761536
8000.080627192961,24.553064969761536
7362.687586969818,24.688191067996783
7260.709086581339,24.80634542365178
7411.820892539515,24.491506461107463
7411.820892539515,24.491506461107463
7297.549683859254,24.719459230213957
7297.549683859254,24.719459230213957
7297.549683859254,24.719459230213957
7297.549683859254,24.719459230213957
7297.549683859254,24.719459230213957
7297.549683859254,24.719459230213957
7147.7687362457245,24.68418552848545
7147.7687362457245,24.68418552848545
7147.7687362457245,24.68418552848545
7147.7687362457245,24.68418552848545
6855.524907178693,24.6865634268962
6855.524907178693,24.6865634268962
6855.524907178693,24.6865634268962
6855.524907178693,24.6865634268962
6855.524907178693,24.6865634268962
7133.545131977713,24.70446596333582
7133.545131977713,24.70446596333582
7133.545131977713,24.70446596333582
7133.545131977713,24.70446596333582
7133.545131977713,24.70446596333582
7133.545131977713,24.70446596333582
7394.0314536126025,24.625579783852288
7779.287385525475,24.611326710590777
7779.287385525475,24.611326710590777
7779.287385525475,24.611326710590777
7779.287385525475,24.611326710590777
7779.287385525475,24.611326710590777
7779.287385525475,24.611326710590777
7779.287385525475,24.611326710590777
7779.287385525475,24.611326710590777
7779.287385525475,24.611326710590777
7779.287385525475,24.611326710590777
7779.287385525475,24.611326710590777
7779.287385525475,24.611326710590777
8295.639213897019,24.61249790029635
8295.639213897019,24.61249790029635
8295.639213897019,24.61249790029635
8295.639213897019,24.61249790029635
8295.639213897019,24.61249790029635
8295.639213897019,24.61249790029635
8295.639213897019,24.61249790029635
8295.639213897019,24.61249790029635
8295.639213897019,24.61249790029635
8295.639213897019,24.61249790029635
8295.639213897019,24.61249790029635
8295.639213897019,24.61249790029635
8176.825371370156,24.653446857584054
8176.825371370156,24.653446857584054
8176.825371370156,24.653446857584054
8176.825371370156,24.653446857584054
8176.825371370156,24.653446857584054
8176.825371370156,24.653446857584054
8102.698135396889,24.590309115374133
8102.698135396889,24.590309115374133
8185.973927229776,24.717340184709975
8036.142177882591,24.65101075700493
8036.142177882591,24.65101075700493
8036.142177882591,24.65101075700493
8036.142177882591,24.65101075700493
8036.142177882591,24.65101075700493
7540.04160347463,24.660654029379458
7540.04160347463,24.660654029379458
7649.615054499117,24.64074117430214
7607.858299936583,24.663243643459275
7757.869397910745,24.65084816750488
7757.869397910745,24.65084816750488
7757.869397910745,24.65084816750488
7804.269804702346,24.614316217437192
7804.269804702346,24.614316217437192
7804.269804702346,24.614316217437192
7804.269804702346,24.614316217437192
7432.444000334481,24.598475906902017
7744.000463903028,24.727172044535404
7744.000463903028,24.727172044535404
7834.799091806012,24.69003746770553
7834.799091806012,24.69003746770553
7834.799091806012,24.69003746770553
7834.799091806012,24.69003746770553
7493.565523569943,24.6283987232408
7493.565523569943,24.6283987232408
7493.565523569943,24.6283987232408
7493.565523569943,24.6283987232408
7493.565523569943,24.6283987232408
7493.565523569943,24.6283987232408
7493.565523569943,24.6283987232408
7493.565523569943,24.6283987232408
7281.987743436283,24.583917040923374
7281.987743436283,24.583917040923374
7058.928702720627,24.69647374051985
7058.928702720627,24.69647374051985
7058.928702720627,24.69647374051985
7419.471146126366,24.702941741812577
7818.6322777743,24.611523832221998
7818.6322777743,24.611523832221998
7818.6322777743,24.611523832221998
7818.6322777743,24.611523832221998
7818.6322777743,24.611523832221998
7913.4771663267575,24.659254520272377
7913.4771663267575,24.659254520272377
7913.4771663267575,24.659254520272377
8012.760853102171,24.63240122849288
8012.760853102171,24.63240122849288
8012.760853102171,24.63240122849288
8012.760853102171,24.63240122849288
8012.760853102171,24.63240122849288
8028.472138613185,24.607057876671632
8323.48956958329,24.622007269433688
8323.48956958329,24.622007269433688
7980.9621784146875,24.615262728135743
7980.9621784146875,24.615262728135743
7534.072101370787,24.651315723953473
7534.072101370787,24.651315723953473
7534.072101370787,24.651315723953473
7281.18341333205,24.70987610132424
7281.18341333205,24.70987610132424
7640.5245518614,24.834666100220566
7640.5245518614,24.834666100220566
7277.746034978725,24.633706232511955
7277.746034978725,24.633706232511955
7277.746034978725,24.633706232511955
7187.938611630642,24.54904235611153
7751.5541913865445,24.62947383622377
7751.5541913865445,24.62947383622377
7751.5541913865445,24.62947383622377
7751.5541913865445,24.62947383622377
7751.5541913865445,24.62947383622377
7751.5541913865445,24.62947383622377
7751.5541913865445,24.62947383622377
7751.5541913865445,24.62947383622377
7751.5541913865445,24.62947383622377
7751.5541913865445,24.62947383622377
7751.5541913865445,24.62947383622377
7751.5541913865445,24.62947383622377
7751.5541913865445,24.62947383622377
7572.219210772534,24.695530976811757
7572.219210772534,24.695530976811757
7572.219210772534,24.695530976811757
7572.219210772534,24.695530976811757
7572.219210772534,24.695530976811757
7430.355026860649,24.731006035347843
7430.355026860649,24.731006035347843
7196.6566051940945,24.551196590167393
7196.6566051940945,24.551196590167393
7196.6566051940945,24.551196590167393
7196.6566051940945,24.551196590167393
7438.729733385584,24.79152641172994
7254.534214652736,24.77489571415019
7254.534214652736,24.77489571415019
7220.082221607984,24.551706732340993
7220.082221607984,24.551706732340993
7220.082221607984,24.551706732340993
6872.153892375338,24.682032500725963
6872.153892375338,24.682032500725963
7010.021556907259,24.689027374325295
7010.021556907259,24.689027374325295
7010.021556907259,24.689027374325295
7010.021556907259,24.689027374325295
6896.183319575411,24.681483359671798
6896.183319575411,24.681483359671798
7316.933395652256,24.675048335698197
7316.933395652256,24.675048335698197
7316.933395652256,24.675048335698197
7316.933395652256,24.675048335698197
7734.737366633491,24.67684699112017
7734.737366633491,24.67684699112017
7734.737366633491,24.67684699112017
7734.737366633491,24.67684699112017
7734.737366633491,24.67684699112017
7328.41918005565,24.743432179145664
7328.41918005565,24.743432179145664
7011.960426485822,24.600172036915584
7011.960426485822,24.600172036915584
7312.156979740666,24.612627459196563
7312.156979740666,24.612627459196563
7312.156979740666,24.612627459196563
7271.028114876605,24.70833917029309
7271.028114876605,24.70833917029309
7271.028114876605,24.70833917029309
7271.028114876605,24.70833917029309
7271.028114876605,24.70833917029309
7490.174269892435,24.712432510096107
7490.174269892435,24.712432510096107
7436.029001486577,24.804929079006573
7436.029001486577,24.804929079006573
7494.912867232984,24.7663389793673
7494.912867232984,24.7663389793673
7444.132192173643,24.7180172274562
7444.132192173643,24.7180172274562
7444.132192173643,24.7180172274562
7444.132192173643,24.7180172274562
7444.132192173643,24.7180172274562
7497.281453317375,24.722735303319958
7497.281453317375,24.722735303319958
7497.281453317375,24.722735303319958
7984.364248401218,24.702544547798624
7984.364248401218,24.702544547798624
7984.364248401218,24.702544547798624
7984.364248401218,24.702544547798624
7984.364248401218,24.702544547798624
7935.794541745186,24.702672321490667
7935.794541745186,24.702672321490667
7935.794541745186,24.702672321490667
7935.794541745186,24.702672321490667
8053.561891190854,24.58151879900878
8344.995564769852,24.6215671163662
8114.715317425688,24.64030467631597
8114.715317425688,24.64030467631597
8114.715317425688,24.64030467631597
8114.715317425688,24.64030467631597
8114.715317425688,24.64030467631597
8195.207884383093,24.666231279172905
8195.207884383093,24.666231279172905
8195.207884383093,24.666231279172905
8195.207884383093,24.666231279172905
8195.207884383093,24.666231279172905
8195.207884383093,24.666231279172905
8195.207884383093,24.666231279172905
8195.207884383093,24.666231279172905
8195.207884383093,24.666231279172905
8195.207884383093,24.666231279172905
8195.207884383093,24.666231279172905
8129.3731576703585,24.596783080372045
8416.278221441322,24.66587449681558
8416.278221441322,24.66587449681558
7965.027946292998,24.54153729357561
7965.027946292998,24.54153729357561
7965.027946292998,24.54153729357561
8421.029667320005,24.546717632500236
8421.029667320005,24.546717632500236
8500.972962719656,24.55790383132409
8500.972962719656,24.55790383132409
8500.972962719656,24.55790383132409
8500.972962719656,24.55790383132409
8500.972962719656,24.55790383132409
8500.972962719656,24.55790383132409
8500.972962719656,24.55790383132409
8500.972962719656,24.55790383132409
8720.68251291224,24.802325853841413
8720.68251291224,24.802325853841413
8720.68251291224,24.802325853841413
8720.68251291224,24.802325853841413
8415.142589203999,24.7432225156606
8297.003138017564,24.681356877538754
8297.003138017564,24.681356877538754
8297.003138017564,24.681356877538754
8297.003138017564,24.681356877538754
8297.003138017564,24.681356877538754
8297.003138017564,24.681356877538754
8297.003138017564,24.681356877538754
8297.003138017564,24.681356877538754
8297.003138017564,24.681356877538754
8297.003138017564,24.681356877538754
8297.003138017564,24.681356877538754
8297.003138017564,24.681356877538754
8480.791957485873,24.71945162550823
8084.55692144438,24.52954092869396
8084.55692144438,24.52954092869396
8045.530785429302,24.57370274955705
8045.530785429302,24.57370274955705
8207.294180979083,24.60129733087959
8207.294180979083,24.60129733087959
8207.294180979083,24.60129733087959
8207.294180979083,24.60129733087959
8207.294180979083,24.60129733087959
8207.294180979083,24.60129733087959
8207.294180979083,24.60129733087959
8260.308483397246,24.689623131862863
8260.308483397246,24.689623131862863
8260.308483397246,24.689623131862863
8111.804803198038,24.65744808466175
8111.804803198038,24.65744808466175
8111.804803198038,24.65744808466175
8111.804803198038,24.65744808466175
8111.804803198038,24.65744808466175
8111.804803198038,24.65744808466175
8111.804803198038,24.65744808466175
8111.804803198038,24.65744808466175
8111.804803198038,24.65744808466175
8156.969035608987,24.538464515657616
8156.969035608987,24.538464515657616
8156.969035608987,24.538464515657616
8117.910363972617,24.63219226052233
8041.848947054875,24.65825736981964
8041.848947054875,24.65825736981964
8041.848947054875,24.65825736981964
7800.224685863911,24.552810308702483
7800.224685863911,24.552810308702483
7800.224685863911,24.552810308702483
7800.224685863911,24.552810308702483
7800.224685863911,24.552810308702483
7800.224685863911,24.552810308702483
7800.224685863911,24.552810308702483
7800.224685863911,24.552810308702483
7800.224685863911,24.552810308702483
7800.224685863911,24.552810308702483
7840.894186904567,24.856811606432768
7574.145525674742,24.502980306729615
7574.145525674742,24.502980306729615
7653.732561781843,24.67742495383655
7653.732561781843,24.67742495383655
7653.732561781843,24.67742495383655
7653.732561781843,24.67742495383655
7653.732561781843,24.67742495383655
7653.732561781843,24.67742495383655
8082.773241637991,24.566539504189763
8082.773241637991,24.566539504189763
7849.2765516217205,24.627695390002902
7849.2765516217205,24.627695390002902
7849.2765516217205,24.627695390002902
7849.2765516217205,24.627695390002902
7849.2765516217205,24.627695390002902
7849.2765516217205,24.627695390002902
7849.2765516217205,24.627695390002902
7849.2765516217205,24.627695390002902
7849.2765516217205,24.627695390002902
7849.2765516217205,24.627695390002902
7849.2765516217205,24.627695390002902
7849.2765516217205,24.627695390002902
7412.248380884563,24.688964114785065
7412.248380884563,24.688964114785065
7412.248380884563,24.688964114785065
7210.179337236756,24.786513697857522
6711.57321517197,24.795544435667864
6711.57321517197,24.795544435667864
6886.785381465738,24.669149936016563
6886.785381465738,24.669149936016563
6886.785381465738,24.669149936016563
6886.785381465738,24.669149936016563
6886.785381465738,24.669149936016563
7257.679904701154,24.62143528812455
7689.4135145132,24.591638396466625
7689.4135145132,24.591638396466625
7689.4135145132,24.591638396466625
8076.116441916839,24.634193221311502
7940.300632640357,24.64186012526358
7940.300632640357,24.64186012526358
7940.300632640357,24.64186012526358
7940.300632640357,24.64186012526358
7940.300632640357,24.64186012526358
7940.300632640357,24.64186012526358
7853.568885284417,24.5221593602834
7853.568885284417,24.5221593602834
8069.834095348495,24.545861150411532
8069.834095348495,24.545861150411532
8048.537311776117,24.494940468841364
8048.537311776117,24.494940468841364
8048.537311776117,24.494940468841364
8048.537311776117,24.494940468841364
7950.997580465842,24.620141988289365
7950.997580465842,24.620141988289365
7950.997580465842,24.620141988289365
7950.997580465842,24.620141988289365
7876.792285415907,24.68411804731513
7876.792285415907,24.68411804731513
7982.139115794963,24.603654377338675
7715.149068251181,24.618697748329275
7715.149068251181,24.618697748329275
7872.832706462453,24.80068171141807
7441.24758216149,24.777755903139166
7272.906322104992,24.77954442191691
7272.906322104992,24.77954442191691
6929.891630647255,24.573736252993804
6929.891630647255,24.573736252993804
6929.891630647255,24.573736252993804
6929.891630647255,24.573736252993804
6929.891630647255,24.573736252993804
6929.891630647255,24.573736252993804
7680.216121360592,24.60387610570375
7680.216121360592,24.60387610570375
7680.216121360592,24.60387610570375
7680.216121360592,24.60387610570375
7680.216121360592,24.60387610570375
7680.216121360592,24.60387610570375
7680.216121360592,24.60387610570375
7680.216121360592,24.60387610570375
7680.216121360592,24.60387610570375
7584.870467860993,24.61526055735664
7584.870467860993,24.61526055735664
7584.870467860993,24.61526055735664
7584.870467860993,24.61526055735664
7584.870467860993,24.61526055735664
7584.870467860993,24.61526055735664
7584.870467860993,24.61526055735664
7584.870467860993,24.61526055735664
7584.870467860993,24.61526055735664
7584.870467860993,24.61526055735664
7584.870467860993,24.61526055735664
7713.478903227513,24.703408539099165
7988.085109160216,24.6059380255302
7988.085109160216,24.6059380255302
7988.085109160216,24.6059380255302
7988.085109160216,24.6059380255302
7740.740954216229,24.692623354285402
7740.740954216229,24.692623354285402
7768.430076832203,24.60323848617727
7768.430076832203,24.60323848617727
7768.430076832203,24.60323848617727
7768.430076832203,24.60323848617727
7768.430076832203,24.60323848617727
7911.3348557685085,24.629498404812622
7911.3348557685085,24.629498404812622
7742.796752773907,24.744656621574606
7742.796752773907,24.744656621574606
7742.796752773907,24.744656621574606
7742.796752773907,24.744656621574606
7520.541254234983,24.76016443814535
7520.541254234983,24.76016443814535
7366.030121413616,24.607996492750548
7366.030121413616,24.607996492750548
7366.030121413616,24.607996492750548
7185.721248247822,24.66577490344005
7185.721248247822,24.66577490344005
7185.721248247822,24.66577490344005
7185.721248247822,24.66577490344005
7185.721248247822,24.66577490344005
7185.721248247822,24.66577490344005
6897.097229984165,24.697489650792676
6897.097229984165,24.697489650792676
6897.097229984165,24.697489650792676
6897.097229984165,24.697489650792676
6897.097229984165,24.697489650792676
6897.097229984165,24.697489650792676
6897.097229984165,24.697489650792676
6897.097229984165,24.697489650792676
6897.097229984165,24.697489650792676
6897.097229984165,24.697489650792676
6897.097229984165,24.697489650792676
6897.097229984165,24.697489650792676
6897.097229984165,24.697489650792676
6897.097229984165,24.697489650792676
6897.097229984165,24.697489650792676
6897.097229984165,24.697489650792676
6897.097229984165,24.697489650792676
6897.097229984165,24.697489650792676
6897.097229984165,24.697489650792676
6897.097229984165,24.697489650792676
6943.356239768285,24.767817088439667
6943.356239768285,24.767817088439667
6943.356239768285,24.767817088439667
6943.356239768285,24.767817088439667
6943.356239768285,24.767817088439667
6943.356239768285,24.767817088439667
6943.356239768285,24.767817088439667
7179.788649121676,24.57997499328769
7179.788649121676,24.57997499328769
7179.788649121676,24.57997499328769
7179.788649121676,24.57997499328769
7179.788649121676,24.57997499328769
7179.788649121676,24.57997499328769
7090.405596142335,24.63383838111734
7515.668932217525,24.495809303773125
7888.01141746607,24.660939990777404
8138.311944010441,24.586075965038937
8138.311944010441,24.586075965038937
8138.311944010441,24.586075965038937
8138.311944010441,24.586075965038937
8138.311944010441,24.586075965038937
8138.311944010441,24.586075965038937
8138.311944010441,24.586075965038937
7925.740492246502,24.51849392186878
7442.329635821108,24.54567003062606
7442.329635821108,24.54567003062606
7442.329635821108,24.54567003062606
7442.329635821108,24.54567003062606
7442.329635821108,24.54567003062606
7442.329635821108,24.54567003062606
7442.329635821108,24.54567003062606
7442.329635821108,24.54567003062606
7442.329635821108,24.54567003062606
7722.623512612945,24.601267657958267
7722.623512612945,24.601267657958267
7722.623512612945,24.601267657958267
7639.54924536513,24.649289544136984
7639.54924536513,24.649289544136984
7639.54924536513,24.649289544136984
7639.54924536513,24.649289544136984
7639.54924536513,24.649289544136984
7639.54924536513,24.649289544136984
7639.54924536513,24.649289544136984
7639.54924536513,24.649289544136984
7639.54924536513,24.649289544136984
7639.54924536513,24.649289544136984
7639.54924536513,24.649289544136984
7639.54924536513,24.649289544136984
8065.378972079837,24.691573593841042
7799.392434436072,24.644194111592476
7799.392434436072,24.644194111592476
8042.704324699579,24.568500066584175
8080.18170116045,24.60113304193168
7747.6124156157275,24.654062423671053
7870.00000226674,24.6064696180109
7870.00000226674,24.6064696180109
7819.033082078868,24.54727409941151
7819.033082078868,24.54727409941151
7819.033082078868,24.54727409941151
7701.144849156876,24.655030242448106
7701.144849156876,24.655030242448106
7701.144849156876,24.655030242448106
7701.144849156876,24.655030242448106
7701.144849156876,24.655030242448106
7701.144849156876,24.655030242448106
7701.144849156876,24.655030242448106
7701.144849156876,24.655030242448106
7701.144849156876,24.655030242448106
7701.144849156876,24.655030242448106
7701.144849156876,24.655030242448106
7701.144849156876,24.655030242448106
7701.144849156876,24.655030242448106
7701.144849156876,24.655030242448106
7701.144849156876,24.655030242448106
7701.144849156876,24.655030242448106
7701.144849156876,24.655030242448106
7701.144849156876,24.655030242448106
7701.144849156876,24.655030242448106
7701.144849156876,24.655030242448106
7652.194083559345,24.56430813198114
7652.194083559345,24.56430813198114
7652.194083559345,24.56430813198114
7652.194083559345,24.56430813198114
7652.194083559345,24.56430813198114
7652.194083559345,24.56430813198114
7641.36781575442,24.62977804690561
7641.36781575442,24.62977804690561
7641.36781575442,24.62977804690561
7641.36781575442,24.62977804690561
7389.140095917562,24.625806458630667
7389.140095917562,24.625806458630667
7389.140095917562,24.625806458630667
7389.140095917562,24.625806458630667
7389.140095917562,24.625806458630667
7389.140095917562,24.625806458630667
7738.09528992595,24.70881731779418
7738.09528992595,24.70881731779418
7949.798827072116,24.512346153392407
8378.93770010271,24.549401503698753
8378.93770010271,24.549401503698753
8378.93770010271,24.549401503698753
8378.93770010271,24.549401503698753
8307.680398425277,24.674064801338414
8307.680398425277,24.674064801338414
8307.680398425277,24.674064801338414
8437.981436739212,24.62360300995042
8952.930179656354,24.59744037666939
8952.930179656354,24.59744037666939
8685.443866163823,24.577214046223062
8685.443866163823,24.577214046223062
8685.443866163823,24.577214046223062
8685.443866163823,24.577214046223062
8685.443866163823,24.577214046223062
8685.443866163823,24.577214046223062
8685.443866163823,24.577214046223062
8785.123672855698,24.645440537789558
8465.67194160755,24.73293345187722
8465.67194160755,24.73293345187722
8465.67194160755,24.73293345187722
8465.67194160755,24.73293345187722
8465.67194160755,24.73293345187722
8465.67194160755,24.73293345187722
8465.67194160755,24.73293345187722
8465.67194160755,24.73293345187722
8465.67194160755,24.73293345187722
8465.67194160755,24.73293345187722
8465.67194160755,24.73293345187722
8703.764204518047,24.552668872960403
8703.764204518047,24.552668872960403
8703.764204518047,24.552668872960403
8703.764204518047,24.552668872960403
8703.764204518047,24.552668872960403
8703.764204518047,24.552668872960403
7758.163905848559,24.598278492333808
7758.163905848559,24.598278492333808
7758.163905848559,24.598278492333808
7758.163905848559,24.598278492333808
8003.178047676004,24.57621299168837
8003.178047676004,24.57621299168837
7893.148958945038,24.59792634333907
7893.148958945038,24.59792634333907
7893.148958945038,24.59792634333907
7893.148958945038,24.59792634333907
7893.148958945038,24.59792634333907
7893.148958945038,24.59792634333907
7893.148958945038,24.59792634333907
7893.148958945038,24.59792634333907
7893.148958945038,24.59792634333907
7893.148958945038,24.59792634333907
7893.148958945038,24.59792634333907
7893.148958945038,24.59792634333907
7583.494775992333,24.60567586019406
7583.494775992333,24.60567586019406
7456.079081173399,24.707363846620026
7398.195089722135,24.668361433570595
7162.764322030616,24.603917933455016
7162.764322030616,24.603917933455016
7162.764322030616,24.603917933455016
7162.764322030616,24.603917933455016
7162.764322030616,24.603917933455016
7162.764322030616,24.603917933455016
7162.764322030616,24.603917933455016
7162.764322030616,24.603917933455016
7162.764322030616,24.603917933455016
7268.816559878476,24.603901478737644
7268.816559878476,24.603901478737644
7268.816559878476,24.603901478737644
7268.816559878476,24.603901478737644
7268.816559878476,24.603901478737644
7268.816559878476,24.603901478737644
7268.816559878476,24.603901478737644
7689.6075604431435,24.579170226616636
7689.6075604431435,24.579170226616636
7689.6075604431435,24.579170226616636
7689.6075604431435,24.579170226616636
7689.6075604431435,24.579170226616636
7836.053578273329,24.673478977485008
7459.3163186071015,24.615852182216695
7420.920118820172,24.623673896442394
7420.920118820172,24.623673896442394
7441.411193858833,24.64558707806044
7441.411193858833,24.64558707806044
7441.411193858833,24.64558707806044
7441.411193858833,24.64558707806044
7441.411193858833,24.64558707806044
7441.411193858833,24.64558707806044
7441.411193858833,24.64558707806044
7441.411193858833,24.64558707806044
7441.411193858833,24.64558707806044
7441.411193858833,24.64558707806044
7441.411193858833,24.64558707806044
7385.586051753111,24.66158887234522
7385.586051753111,24.66158887234522
7624.822110286854,24.683014166811912
7624.822110286854,24.683014166811912
7624.822110286854,24.683014166811912
7975.597367519081,24.55214712480078
7975.597367519081,24.55214712480078
7859.061038828459,24.632419332981804
7859.061038828459,24.632419332981804
7859.061038828459,24.632419332981804
7859.061038828459,24.632419332981804
7859.061038828459,24.632419332981804
7635.4347881829235,24.6579109725387
7635.4347881829235,24.6579109725387
7635.4347881829235,24.6579109725387
7635.4347881829235,24.6579109725387
7003.400480587496,24.56899891586661
7162.634953948706,24.666296844649647
7162.634953948706,24.666296844649647
7162.634953948706,24.666296844649647
7162.634953948706,24.666296844649647
7259.215558430609,24.75612869100209
7259.215558430609,24.75612869100209
7259.215558430609,24.75612869100209
7259.215558430609,24.75612869100209
7259.215558430609,24.75612869100209
7259.215558430609,24.75612869100209
7005.729288319384,24.690275394116554
7005.729288319384,24.690275394116554
7285.159288884922,24.619031014633908
7285.159288884922,24.619031014633908
7285.159288884922,24.619031014633908
7294.962219931282,24.700112710655866
7444.122926622807,24.56531906499167
7444.122926622807,24.56531906499167
7444.122926622807,24.56531906499167
7729.662298633844,24.710096960086506
7729.662298633844,24.710096960086506
7729.662298633844,24.710096960086506
7729.662298633844,24.710096960086506
7471.813311235662,24.73849167040746
7471.813311235662,24.73849167040746
7471.813311235662,24.73849167040746
7504.833266542093,24.74584472282435
7504.833266542093,24.74584472282435
7504.833266542093,24.74584472282435
7907.307131595978,24.498715051625783
7907.307131595978,24.498715051625783
7907.307131595978,24.498715051625783
7907.307131595978,24.498715051625783
8106.687981076735,24.622712572388398
8106.687981076735,24.622712572388398
8106.687981076735,24.622712572388398
8106.687981076735,24.622712572388398
8106.687981076735,24.622712572388398
8106.687981076735,24.622712572388398
8106.687981076735,24.622712572388398
8106.687981076735,24.622712572388398
8106.687981076735,24.622712572388398
8106.687981076735,24.622712572388398
8011.470774813315,24.56419001639467
8011.470774813315,24.56419001639467
8011.470774813315,24.56419001639467
8011.470774813315,24.56419001639467
8011.470774813315,24.56419001639467
8011.470774813315,24.56419001639467
7846.08346719624,24.540830620296518
7846.08346719624,24.540830620296518
7846.08346719624,24.540830620296518
7846.08346719624,24.540830620296518
7898.3688546346675,24.540370518323897
8068.1634299578955,24.538009161443146
8260.635281366744,24.545124957509067
8260.635281366744,24.545124957509067
8260.635281366744,24.545124957509067
8111.519065012908,24.649580877727512
7716.440299359747,24.681147723530223
7716.440299359747,24.681147723530223
7119.800798171986,24.770026320237577
7119.800798171986,24.770026320237577
7119.800798171986,24.770026320237577
7119.800798171986,24.770026320237577
7627.165641332888,24.755126975383313
7627.165641332888,24.755126975383313
7681.898476803638,24.65592473513344
7681.898476803638,24.65592473513344
7681.898476803638,24.65592473513344
7681.898476803638,24.65592473513344
7681.898476803638,24.65592473513344
7681.898476803638,24.65592473513344
7643.785572062862,24.657353630586307
7643.785572062862,24.657353630586307
7643.785572062862,24.657353630586307
7643.785572062862,24.657353630586307
7513.812503739753,24.702096961503997
7716.71920411853,24.67837957351459
7716.71920411853,24.67837957351459
7716.71920411853,24.67837957351459
7936.520845155122,24.648628050113437
7936.520845155122,24.648628050113437
7936.520845155122,24.648628050113437
7936.520845155122,24.648628050113437
7936.520845155122,24.648628050113437
7936.520845155122,24.648628050113437
7936.520845155122,24.648628050113437
8392.4995675764,24.55628849873611
8392.4995675764,24.55628849873611
8024.258370492172,24.586062089025607
8024.258370492172,24.586062089025607
8024.258370492172,24.586062089025607
8024.258370492172,24.586062089025607
8024.258370492172,24.586062089025607
8024.258370492172,24.586062089025607
8024.258370492172,24.586062089025607
8024.258370492172,24.586062089025607
8024.258370492172,24.586062089025607
8024.258370492172,24.586062089025607
8024.258370492172,24.586062089025607
8024.258370492172,24.586062089025607
8071.191086970272,24.47881985180038
7997.689309013312,24.65697380134178
7785.75732176595,24.499205164555764
8017.527175068221,24.50941543503413
8017.527175068221,24.50941543503413
8315.01256964277,24.713097281222804
8315.01256964277,24.713097281222804
8315.01256964277,24.713097281222804
8315.01256964277,24.713097281222804
8315.01256964277,24.713097281222804
8315.01256964277,24.713097281222804
8315.01256964277,24.713097281222804
8315.01256964277,24.713097281222804
8315.01256964277,24.713097281222804
8315.01256964277,24.713097281222804
8315.01256964277,24.713097281222804
8315.01256964277,24.713097281222804
8315.01256964277,24.713097281222804
8315.01256964277,24.713097281222804
8315.01256964277,24.713097281222804
8315.01256964277,24.713097281222804
8315.01256964277,24.713097281222804
8318.467444079788,24.60177362335623
8261.890721647229,24.68913493045831
8261.890721647229,24.68913493045831
8261.890721647229,24.68913493045831
8261.890721647229,24.68913493045831
8261.890721647229,24.68913493045831
8281.025438787277,24.73236507699849
8367.226827564386,24.53480475755601
8367.226827564386,24.53480475755601
8367.226827564386,24.53480475755601
8367.226827564386,24.53480475755601
8367.226827564386,24.53480475755601
8366.318415441392,24.587591910219416
8366.318415441392,24.587591910219416
8366.318415441392,24.587591910219416
8366.318415441392,24.587591910219416
8101.519905155005,24.679972808525548
8101.519905155005,24.679972808525548
8101.519905155005,24.679972808525548
8101.519905155005,24.679972808525548
8101.519905155005,24.679972808525548
8101.519905155005,24.679972808525548
8101.519905155005,24.679972808525548
8101.519905155005,24.679972808525548
8062.83732540415,24.583574325254162
8062.83732540415,24.583574325254162
8062.83732540415,24.583574325254162
7962.105310209498,24.703737577850625
7962.105310209498,24.703737577850625
7962.105310209498,24.703737577850625
7962.105310209498,24.703737577850625
7962.105310209498,24.703737577850625
8388.941231103392,24.762043026096936
8388.941231103392,24.762043026096936
7918.18494398621,24.72057852338157
7862.3759128471065,24.653204500379328
7758.954708147896,24.578567500651282
7869.105118999986,24.60110542760937
7869.105118999986,24.60110542760937
7797.939673025999,24.728887744588533
8512.433201847494,24.55295818180188
8392.965129668035,24.799255384310886
8345.072025982961,24.524406566754394
8345.072025982961,24.524406566754394
8345.072025982961,24.524406566754394
8291.523024904336,24.495623947066672
8061.507939092754,24.546955511881258
8061.507939092754,24.546955511881258
8087.188703018065,24.68215268773268
8087.188703018065,24.68215268773268
8087.188703018065,24.68215268773268
8087.188703018065,24.68215268773268
8417.81239273939,24.684926436852596
8417.81239273939,24.684926436852596
7643.30563700575,24.699221345286645
7643.30563700575,24.699221345286645
7768.392842530875,24.629869479016293
7655.78968058625,24.517175881089603
7655.78968058625,24.517175881089603
7104.248906938242,24.745412004869408
7104.248906938242,24.745412004869408
7104.248906938242,24.745412004869408
7208.796693453264,24.71159538171379
7208.796693453264,24.71159538171379
7208.796693453264,24.71159538171379
7208.796693453264,24.71159538171379
7208.796693453264,24.71159538171379
7208.796693453264,24.71159538171379
6690.453960919009,24.779851115699845
6690.453960919009,24.779851115699845
6690.453960919009,24.779851115699845
6690.453960919009,24.779851115699845
6690.453960919009,24.779851115699845
6690.453960919009,24.779851115699845
6882.75161337122,24.806085880352523
6882.75161337122,24.806085880352523
6882.75161337122,24.806085880352523
6882.75161337122,24.806085880352523
7375.1192431995905,24.78478706308202
7375.1192431995905,24.78478706308202
7375.1192431995905,24.78478706308202
7375.1192431995905,24.78478706308202
7304.527394388946,24.734775313600675
7304.527394388946,24.734775313600675
7538.653302928696,24.667808032116724
7538.653302928696,24.667808032116724
7672.517140965982,24.65459395428881
7672.517140965982,24.65459395428881
7672.517140965982,24.65459395428881
7564.015889219235,24.589320657453626
7216.700365436894,24.618035454284882
7651.8026438816005,24.65533451814892
7651.8026438816005,24.65533451814892
7651.8026438816005,24.65533451814892
7315.778351820431,24.644592171225245
7315.778351820431,24.644592171225245
7315.778351820431,24.644592171225245
7315.778351820431,24.644592171225245
7552.035561731199,24.658484284827793
7552.035561731199,24.658484284827793
7976.145949764115,24.518591662222892
7976.145949764115,24.518591662222892
7946.41057421298,24.525688616354635
7946.41057421298,24.525688616354635
7946.41057421298,24.525688616354635
7946.41057421298,24.525688616354635
7956.772823419293,24.527801615891125
7896.982783035212,24.783022935258124
7561.5604433057215,24.648179110922946
7561.5604433057215,24.648179110922946
7561.5604433057215,24.648179110922946
7561.5604433057215,24.648179110922946
7561.5604433057215,24.648179110922946
7561.5604433057215,24.648179110922946
7561.5604433057215,24.648179110922946
7561.5604433057215,24.648179110922946
7561.5604433057215,24.648179110922946
7489.805544021851,24.61392909435188
7426.372247999545,24.75932377609477
7426.372247999545,24.75932377609477
7445.199964264015,24.63125962923548
7445.199964264015,24.63125962923548
7445.199964264015,24.63125962923548
7547.644900901775,24.75927821507493
7547.644900901775,24.75927821507493
7547.644900901775,24.75927821507493
7552.939991721079,24.51812163669057
7685.113598047118,24.748099576945535
7685.113598047118,24.748099576945535
7685.113598047118,24.748099576945535
7685.113598047118,24.748099576945535
7685.113598047118,24.748099576945535
7205.45117502508,24.7672794771213
7205.45117502508,24.7672794771213
7205.45117502508,24.7672794771213
7205.45117502508,24.7672794771213
6763.764187835175,24.700999459532206
6763.764187835175,24.700999459532206
7100.802974213312,24.545553712991037
7100.802974213312,24.545553712991037
6768.75292319613,24.578561108419375
6941.077266142721,24.703077853072926
6941.077266142721,24.703077853072926
6941.077266142721,24.703077853072926
6941.077266142721,24.703077853072926
6941.077266142721,24.703077853072926
6981.823612668814,24.654697812918652
7301.8322233084555,24.684529811586952
7862.977140514601,24.67607003144453
7862.977140514601,24.67607003144453
7862.977140514601,24.67607003144453
7862.977140514601,24.67607003144453
7862.977140514601,24.67607003144453
7535.119701350177,24.56140978128565
7535.119701350177,24.56140978128565
7720.239137724357,24.648620371116127
7720.239137724357,24.648620371116127
7720.239137724357,24.648620371116127
7417.412798926825,24.766357766443857
7417.412798926825,24.766357766443857
7417.412798926825,24.766357766443857
7200.249183086067,24.546012078916718
7200.249183086067,24.546012078916718
7200.249183086067,24.546012078916718
6750.984050464285,24.6668953735554
6965.827342503259,24.683435975176916
6965.827342503259,24.683435975176916
6965.827342503259,24.683435975176916
7063.176400513731,24.651224485393154
7063.176400513731,24.651224485393154
7063.176400513731,24.651224485393154
7353.978288964785,24.629417800872147
7353.978288964785,24.629417800872147
7353.978288964785,24.629417800872147
7353.978288964785,24.629417800872147
7353.978288964785,24.629417800872147
7547.549687893366,24.765168866366366
7547.549687893366,24.765168866366366
7547.549687893366,24.765168866366366
7547.549687893366,24.765168866366366
7044.557503379122,24.737706082521992
7044.557503379122,24.737706082521992
7044.557503379122,24.737706082521992
7044.557503379122,24.737706082521992
7044.557503379122,24.737706082521992
7298.907071512048,24.556152184880805
7538.528639387064,24.522071201813567
7265.924768590832,24.64042316604904
7265.924768590832,24.64042316604904
7265.924768590832,24.64042316604904
7265.924768590832,24.64042316604904
7265.924768590832,24.64042316604904
7043.83415731226,24.776395471997784
7122.859952078369,24.72229062422172
7239.9181304620115,24.66788238204643
7239.9181304620115,24.66788238204643
7239.9181304620115,24.66788238204643
7218.696192366802,24.73694849519411
7218.696192366802,24.73694849519411
7218.696192366802,24.73694849519411
7218.696192366802,24.73694849519411
7218.696192366802,24.73694849519411
7218.696192366802,24.73694849519411
7218.696192366802,24.73694849519411
6990.013553147055,24.67324412765073
6990.013553147055,24.67324412765073
6990.013553147055,24.67324412765073
6990.013553147055,24.67324412765073
7293.216432588514,24.585993802993112
7293.216432588514,24.585993802993112
7293.216432588514,24.585993802993112
7293.216432588514,24.585993802993112
7293.216432588514,24.585993802993112
7242.413499448137,24.644781961380364
7242.413499448137,24.644781961380364
7242.413499448137,24.644781961380364
7242.413499448137,24.644781961380364
7225.259012265071,24.67848154864293
7463.983332874475,24.593305875178185
7463.983332874475,24.593305875178185
7463.983332874475,24.593305875178185
7463.983332874475,24.593305875178185
7463.983332874475,24.593305875178185
7463.983332874475,24.593305875178185
7463.983332874475,24.593305875178185
7463.983332874475,24.593305875178185
8042.477836377256,24.6854991651688
8042.477836377256,24.6854991651688
7755.322151633285,24.63793609017717
7755.322151633285,24.63793609017717
7755.322151633285,24.63793609017717
7755.322151633285,24.63793609017717
7476.289613239874,24.724313706144372
7476.289613239874,24.724313706144372
7476.289613239874,24.724313706144372
7476.289613239874,24.724313706144372
7476.289613239874,24.724313706144372
7476.289613239874,24.724313706144372
7476.289613239874,24.724313706144372
7476.289613239874,24.724313706144372
7476.289613239874,24.724313706144372
7452.707689275171,24.65826824388081
7247.589541942541,24.860759003117884
7376.511063102696,24.808566454840033
7376.511063102696,24.808566454840033
7215.595955141505,24.600472189174877
7104.615674010315,24.655349840867846
7104.615674010315,24.655349840867846
6949.358527912538,24.678530663808942
6949.358527912538,24.678530663808942
7086.2344188765865,24.69776775736476
7086.2344188765865,24.69776775736476
7086.2344188765865,24.69776775736476
7086.2344188765865,24.69776775736476
7086.2344188765865,24.69776775736476
7086.2344188765865,24.69776775736476
7086.2344188765865,24.69776775736476
7086.2344188765865,24.69776775736476
7086.2344188765865,24.69776775736476
6973.065628649755,24.492406502322122
6973.065628649755,24.492406502322122
6973.065628649755,24.492406502322122
7216.050833317298,24.705837701595527
7216.050833317298,24.705837701595527
7308.773774477646,24.62264458117691
7308.773774477646,24.62264458117691
7308.773774477646,24.62264458117691
7308.773774477646,24.62264458117691
7308.773774477646,24.62264458117691
7842.674849649536,24.607377044590383
7842.674849649536,24.607377044590383
7770.045264104182,24.673976034308676
7770.045264104182,24.673976034308676
7770.045264104182,24.673976034308676
7754.297173663488,24.674606397165647
7961.517256938193,24.638318028907776
7961.517256938193,24.638318028907776
7961.517256938193,24.638318028907776
7961.517256938193,24.638318028907776
7961.517256938193,24.638318028907776
7961.517256938193,24.638318028907776
7961.517256938193,24.638318028907776
8158.430998375681,24.654312385206513
8158.430998375681,24.654312385206513
8158.430998375681,24.654312385206513
8158.430998375681,24.654312385206513
8158.430998375681,24.654312385206513
8158.430998375681,24.654312385206513
8158.430998375681,24.654312385206513
7833.02651985301,24.614801320493097
7833.02651985301,24.614801320493097
7833.02651985301,24.614801320493097
8410.453220453535,24.539391547405266
8606.023683373194,24.640492631669257
8606.023683373194,24.640492631669257
8606.023683373194,24.640492631669257
8606.023683373194,24.640492631669257
8606.023683373194,24.640492631669257
8135.173132732463,24.524730203605753
8135.173132732463,24.524730203605753
7930.0560056188615,24.539058527091967
7930.0560056188615,24.539058527091967
7930.0560056188615,24.539058527091967
7930.0560056188615,24.539058527091967
7933.437822648575,24.596576713145026
7933.437822648575,24.596576713145026
7933.437822648575,24.596576713145026
7933.437822648575,24.596576713145026
7933.437822648575,24.596576713145026
7933.437822648575,24.596576713145026
7933.437822648575,24.596576713145026
7933.437822648575,24.596576713145026
7933.437822648575,24.596576713145026
7933.437822648575,24.596576713145026
7933.437822648575,24.596576713145026
7933.437822648575,24.596576713145026
7933.437822648575,24.596576713145026
7933.437822648575,24.596576713145026
7938.777852430094,24.688941219424148
7938.777852430094,24.688941219424148
7938.777852430094,24.688941219424148
7901.273195541536,24.590299008311355
7901.273195541536,24.590299008311355
7901.273195541536,24.590299008311355
7901.273195541536,24.590299008311355
8009.714133733295,24.708910242106306
7878.116464381114,24.641600094737814
7878.116464381114,24.641600094737814
7878.116464381114,24.641600094737814
7878.116464381114,24.641600094737814
7878.116464381114,24.641600094737814
7878.116464381114,24.641600094737814
7878.116464381114,24.641600094737814
7878.116464381114,24.641600094737814
7878.116464381114,24.641600094737814
7878.116464381114,24.641600094737814
7878.116464381114,24.641600094737814
7878.116464381114,24.641600094737814
7691.674415243243,24.65958349178652
7228.840147339681,24.500235109189543
7125.054164982388,24.687188430627938
7125.054164982388,24.687188430627938
7039.885156858567,24.668486576558433
7039.885156858567,24.668486576558433
7039.885156858567,24.668486576558433
6842.512786407428,24.759163076110543
6842.512786407428,24.759163076110543
6842.512786407428,24.759163076110543
6842.512786407428,24.759163076110543
6842.512786407428,24.759163076110543
6842.512786407428,24.759163076110543
6842.512786407428,24.759163076110543
6842.512786407428,24.759163076110543
6842.512786407428,24.759163076110543
6644.699469221747,24.659552297438612
6656.041081177838,24.591857401756638
6656.041081177838,24.591857401756638
6907.048060633322,24.70160242618921
6907.048060633322,24.70160242618921
6907.048060633322,24.70160242618921
6907.048060633322,24.70160242618921
7151.773648506916,24.71641486629016
7151.773648506916,24.71641486629016
7151.773648506916,24.71641486629016
7151.773648506916,24.71641486629016
7151.773648506916,24.71641486629016
7151.773648506916,24.71641486629016
7151.773648506916,24.71641486629016
7151.773648506916,24.71641486629016
7151.773648506916,24.71641486629016
7151.773648506916,24.71641486629016
7151.773648506916,24.71641486629016
7416.396267182831,24.61902608797982
7416.396267182831,24.61902608797982
7317.5822993708825,24.613786181015282
7317.5822993708825,24.613786181015282
7317.5822993708825,24.613786181015282
7317.5822993708825,24.613786181015282
7317.5822993708825,24.613786181015282
6973.86573161439,24.64339244513387
6973.86573161439,24.64339244513387
6973.86573161439,24.64339244513387
6973.86573161439,24.64339244513387
6973.86573161439,24.64339244513387
6973.86573161439,24.64339244513387
6973.86573161439,24.64339244513387
7231.802282420895,24.626601530155188
7231.802282420895,24.626601530155188
7231.802282420895,24.626601530155188
7231.802282420895,24.626601530155188
7469.477591424804,24.586168173209337
7469.477591424804,24.586168173209337
7469.477591424804,24.586168173209337
7345.15822123749,24.67341804594987
7345.15822123749,24.67341804594987
7345.15822123749,24.67341804594987
7345.15822123749,24.67341804594987
7345.15822123749,24.67341804594987
7265.857779580675,24.621242854993575
7265.857779580675,24.621242854993575
7265.857779580675,24.621242854993575
7422.325719308283,24.492251796829663
7346.537567109736,24.561061483590894
7346.537567109736,24.561061483590894
7346.537567109736,24.561061483590894
7463.28437599642,24.619724864456522
7463.28437599642,24.619724864456522
7463.2940313326635,24.586086338605597
7463.2940313326635,24.586086338605597
7324.907529409313,24.567716631569684
7259.991340944629,24.552358611882465
6776.372927706431,24.57027597920423
6776.372927706431,24.57027597920423
6776.372927706431,24.57027597920423
6487.141078972575,24.717362283605038
6487.141078972575,24.717362283605038
6487.141078972575,24.717362283605038
6487.141078972575,24.717362283605038
6487.141078972575,24.717362283605038
6487.141078972575,24.717362283605038
6487.141078972575,24.717362283605038
6487.141078972575,24.717362283605038
6487.141078972575,24.717362283605038
6487.141078972575,24.717362283605038
6679.394358986519,24.837258699964593
6810.587132881649,24.587007163930263
6810.587132881649,24.587007163930263
6810.587132881649,24.587007163930263
6519.010738155619,24.652077020730943
6519.010738155619,24.652077020730943
6519.010738155619,24.652077020730943
6896.858422481279,24.836376311134924
6896.858422481279,24.836376311134924
7219.681303602455,24.78356826279972
7219.681303602455,24.78356826279972
7219.681303602455,24.78356826279972
7467.028769231484,24.717264609701946
7467.028769231484,24.717264609701946
7467.028769231484,24.717264609701946
7376.053832914691,24.67441286638718
7376.053832914691,24.67441286638718
7376.053832914691,24.67441286638718
7376.053832914691,24.67441286638718
7453.879744853321,24.635745316862202
7940.995190514489,24.55831407736473
7928.372115301727,24.70272913013401
7928.372115301727,24.70272913013401
7928.372115301727,24.70272913013401
7928.372115301727,24.70272913013401
7928.372115301727,24.70272913013401
7928.372115301727,24.70272913013401
8007.2680035534095,24.614513127928024
8007.2680035534095,24.614513127928024
8007.2680035534095,24.614513127928024
8007.2680035534095,24.614513127928024
8007.2680035534095,24.614513127928024
8007.2680035534095,24.614513127928024
8007.2680035534095,24.614513127928024
8007.2680035534095,24.614513127928024
8007.2680035534095,24.614513127928024
8224.483887377839,24.60008016968009
8406.903251575015,24.57438495414471
8406.903251575015,24.57438495414471
8406.903251575015,24.57438495414471
8406.903251575015,24.57438495414471
8517.083604473795,24.625267907552196
8517.083604473795,24.625267907552196
8517.083604473795,24.625267907552196
8517.083604473795,24.625267907552196
8418.756236743244,24.63794636083664
8418.756236743244,24.63794636083664
8418.756236743244,24.63794636083664
8418.756236743244,24.63794636083664
8418.756236743244,24.63794636083664
8418.756236743244,24.63794636083664
8815.309356591031,24.617424811183152
8706.026987341247,24.6405430799747
8706.026987341247,24.6405430799747
8706.026987341247,24.6405430799747
8706.026987341247,24.6405430799747
8706.026987341247,24.6405430799747
8706.026987341247,24.6405430799747
8706.026987341247,24.6405430799747
8706.026987341247,24.6405430799747
8706.026987341247,24.6405430799747
8706.026987341247,24.6405430799747
8706.026987341247,24.6405430799747
9047.228264760737,24.650616014275947
9222.29169855207,24.683344200726033
9222.29169855207,24.683344200726033
9222.29169855207,24.683344200726033
9222.29169855207,24.683344200726033
8862.569845325073,24.497780165600204
8862.569845325073,24.497780165600204
8862.569845325073,24.497780165600204
8862.569845325073,24.497780165600204
9046.213722098602,24.69174059115905
9046.213722098602,24.69174059115905
9046.213722098602,24.69174059115905
9046.213722098602,24.69174059115905
9046.213722098602,24.69174059115905
9046.213722098602,24.69174059115905
9046.213722098602,24.69174059115905
9046.213722098602,24.69174059115905
8995.381471393119,24.60275739516447
8995.381471393119,24.60275739516447
8995.381471393119,24.60275739516447
8995.381471393119,24.60275739516447
8995.381471393119,24.60275739516447
8995.381471393119,24.60275739516447
8995.381471393119,24.60275739516447
8995.381471393119,24.60275739516447
8995.381471393119,24.60275739516447
9127.906454477796,24.620555298573944
9127.906454477796,24.620555298573944
9663.65278732916,24.731243232696254
9572.097992134703,24.726656780404994
9572.097992134703,24.726656780404994
9572.097992134703,24.726656780404994
9572.097992134703,24.726656780404994
9572.097992134703,24.726656780404994
9572.097992134703,24.726656780404994
9572.097992134703,24.726656780404994
9572.097992134703,24.726656780404994
9725.130735905215,24.61968999593797
9725.130735905215,24.61968999593797
9483.378722195865,24.72030947051409
9034.677415406944,24.815096902641063
9034.677415406944,24.815096902641063
8789.692207325288,24.69109234561361
8960.52662874073,24.675032010299105
8794.561364412117,24.57424589078942
8794.561364412117,24.57424589078942
8794.561364412117,24.57424589078942
8794.561364412117,24.57424589078942
8794.561364412117,24.57424589078942
9165.397128919487,24.58794104963296
8922.538600721824,24.605828632869173
8922.538600721824,24.605828632869173
8922.538600721824,24.605828632869173
8268.635361201763,24.491854031873427
8268.635361201763,24.491854031873427
8268.635361201763,24.491854031873427
7985.83185394733,24.457850528886084
7985.83185394733,24.457850528886084
7985.83185394733,24.457850528886084
7985.83185394733,24.457850528886084
7985.83185394733,24.457850528886084
7985.83185394733,24.457850528886084
7949.324968637931,24.555677989602966
7949.324968637931,24.555677989602966
7949.324968637931,24.555677989602966
7949.324968637931,24.555677989602966
7717.078156697113,24.650834604949946
7717.078156697113,24.650834604949946
7717.078156697113,24.650834604949946
7717.078156697113,24.650834604949946
7717.078156697113,24.650834604949946
7717.078156697113,24.650834604949946
7717.078156697113,24.650834604949946
7717.078156697113,24.650834604949946
7717.078156697113,24.650834604949946
7717.078156697113,24.650834604949946
7717.078156697113,24.650834604949946
7717.078156697113,24.650834604949946
7717.078156697113,24.650834604949946
7717.078156697113,24.650834604949946
7717.078156697113,24.650834604949946
7717.078156697113,24.650834604949946
8136.803135247264,24.620192515711544
8080.058132895374,24.574499880027172
7977.431649601192,24.69698756192791
8101.776731469643,24.52011982879366
8101.776731469643,24.52011982879366
8101.776731469643,24.52011982879366
8101.776731469643,24.52011982879366
8101.776731469643,24.52011982879366
8101.776731469643,24.52011982879366
8101.776731469643,24.52011982879366
7892.596588616705,24.49964240011763
7892.596588616705,24.49964240011763
7892.596588616705,24.49964240011763
8052.549473667798,24.486684378153083
8052.549473667798,24.486684378153083
8052.549473667798,24.486684378153083
8052.549473667798,24.486684378153083
8070.757215332457,24.75321361848743
8042.342575950248,24.599732196932187
8042.342575950248,24.599732196932187
8042.342575950248,24.599732196932187
8042.342575950248,24.599732196932187
7573.502745474611,24.69434190543852
7799.1126545273355,24.709835058724202
7799.1126545273355,24.709835058724202
7529.751022927945,24.513879948701778
7529.751022927945,24.513879948701778
7508.359566761417,24.497239865801667
7508.359566761417,24.497239865801667
7831.905566311119,24.572823807546396
7481.06773123221,24.666022416867964
7481.06773123221,24.666022416867964
7481.06773123221,24.666022416867964
7481.06773123221,24.666022416867964
7748.62121467118,24.6682787910019
7748.62121467118,24.6682787910019
7748.62121467118,24.6682787910019
7748.62121467118,24.6682787910019
7249.2196196643245,24.75430386289489
7021.750520461346,24.478017660262992
7021.750520461346,24.478017660262992
6792.925883139805,24.660429324940477
6792.925883139805,24.660429324940477
6849.077373693241,24.551101266639133
6849.077373693241,24.551101266639133
6849.077373693241,24.551101266639133
6849.077373693241,24.551101266639133
6835.050551347456,24.53210381651302
7003.067325740209,24.643788004798065
7003.067325740209,24.643788004798065
7167.4052204798145,24.800292745820933
7167.4052204798145,24.800292745820933
7167.4052204798145,24.800292745820933
7167.4052204798145,24.800292745820933
7173.245108144181,24.569956149152297
7394.580015368165,24.669247884482232
7435.729917381526,24.604734199550883
7738.864419117477,24.67613358526387
7738.864419117477,24.67613358526387
7738.864419117477,24.67613358526387
7738.864419117477,24.67613358526387
7738.864419117477,24.67613358526387
7738.864419117477,24.67613358526387
7738.864419117477,24.67613358526387
7738.864419117477,24.67613358526387
7738.864419117477,24.67613358526387
7738.864419117477,24.67613358526387
7738.864419117477,24.67613358526387
7738.864419117477,24.67613358526387
7679.4461562103725,24.765136994026214
7679.4461562103725,24.765136994026214
7667.909828605144,24.782392358575613
7566.361230283417,24.79037635953083
7566.361230283417,24.79037635953083
7566.361230283417,24.79037635953083
7566.361230283417,24.79037635953083
7566.361230283417,24.79037635953083
7397.0470580190495,24.715686615566227
7397.0470580190495,24.715686615566227
7397.0470580190495,24.715686615566227
7397.0470580190495,24.715686615566227
7397.0470580190495,24.715686615566227
7397.0470580190495,24.715686615566227
7397.0470580190495,24.715686615566227
6974.191226392638,24.69784972275622
6974.191226392638,24.69784972275622
6974.191226392638,24.69784972275622
6974.191226392638,24.69784972275622
6974.191226392638,24.69784972275622
7034.956802578277,24.74768448902258
7034.956802578277,24.74768448902258
7034.956802578277,24.74768448902258
7070.639166987445,24.607325336352385
6954.311245647979,24.71082623729672
6954.311245647979,24.71082623729672
6954.311245647979,24.71082623729672
7301.663751459682,24.70317699733561
7301.663751459682,24.70317699733561
7301.663751459682,24.70317699733561
7269.616718549939,24.675702517803483
7269.616718549939,24.675702517803483
7269.616718549939,24.675702517803483
7269.616718549939,24.675702517803483
7269.616718549939,24.675702517803483
7269.616718549939,24.675702517803483
7570.0147375253755,24.552504239452396
7510.232709844328,24.643623969467328
7510.232709844328,24.643623969467328
7510.232709844328,24.643623969467328
7197.39954630103,24.6504372517974
7197.39954630103,24.6504372517974
7197.39954630103,24.6504372517974
7197.39954630103,24.6504372517974
7197.39954630103,24.6504372517974
7197.39954630103,24.6504372517974
7197.39954630103,24.6504372517974
7197.39954630103,24.6504372517974
7077.06353793071,24.750234336381645
7077.06353793071,24.750234336381645
7077.06353793071,24.750234336381645
7077.06353793071,24.750234336381645
7077.06353793071,24.750234336381645
7180.915921574812,24.783133662684016
7233.4378587671135,24.644079412371642
7233.4378587671135,24.644079412371642
7233.4378587671135,24.644079412371642
7471.921460769531,24.597824668584458
7471.921460769531,24.597824668584458
7471.921460769531,24.597824668584458
7471.921460769531,24.597824668584458
7471.921460769531,24.597824668584458
7214.215620836941,24.50313673646418
7123.038580798806,24.533389219963684
7123.038580798806,24.533389219963684
7373.558558739197,24.59902203795868
7136.932648116924,24.69419964467001
7136.932648116924,24.69419964467001
7136.932648116924,24.69419964467001
7136.932648116924,24.69419964467001
7136.932648116924,24.69419964467001
7136.932648116924,24.69419964467001
7136.932648116924,24.69419964467001
7136.932648116924,24.69419964467001
7338.222271831214,24.630884928608996
7338.222271831214,24.630884928608996
7338.222271831214,24.630884928608996
7338.222271831214,24.630884928608996
7338.222271831214,24.630884928608996
7338.222271831214,24.630884928608996
7338.222271831214,24.630884928608996
7338.222271831214,24.630884928608996
7338.222271831214,24.630884928608996
7523.897325515377,24.657283643150972
7570.19680811014,24.60484827079089
7570.19680811014,24.60484827079089
7570.19680811014,24.60484827079089
7570.19680811014,24.60484827079089
7570.19680811014,24.60484827079089
7570.19680811014,24.60484827079089
7570.19680811014,24.60484827079089
7570.19680811014,24.60484827079089
7889.110104445421,24.66706309370832
7889.110104445421,24.66706309370832
7889.110104445421,24.66706309370832
7889.110104445421,24.66706309370832
7889.110104445421,24.66706309370832
7531.424321822622,24.64800869489845
7531.424321822622,24.64800869489845
7531.424321822622,24.64800869489845
7531.424321822622,24.64800869489845
7531.424321822622,24.64800869489845
7531.424321822622,24.64800869489845
7531.424321822622,24.64800869489845
7531.424321822622,24.64800869489845
7531.424321822622,24.64800869489845
7381.678817583197,24.777758519804713
7151.289678021388,24.646513718140937
7151.289678021388,24.646513718140937
7151.289678021388,24.646513718140937
7151.289678021388,24.646513718140937
7151.289678021388,24.646513718140937
7151.289678021388,24.646513718140937
7151.289678021388,24.646513718140937
7246.335337065754,24.686832412468615
7246.335337065754,24.686832412468615
7246.335337065754,24.686832412468615
7246.335337065754,24.686832412468615
7246.335337065754,24.686832412468615
7246.335337065754,24.686832412468615
7246.335337065754,24.686832412468615
7246.335337065754,24.686832412468615
7475.285803857767,24.60405048085667
7475.285803857767,24.60405048085667
7588.420217149741,24.63521800459003
7588.420217149741,24.63521800459003
7588.420217149741,24.63521800459003
8273.425492047603,24.596633476489977
8079.261773409042,24.600710540232015
7681.166465529236,24.69494368820705
7681.166465529236,24.69494368820705
7681.166465529236,24.69494368820705
7681.166465529236,24.69494368820705
7681.166465529236,24.69494368820705
7681.166465529236,24.69494368820705
7726.253765389938,24.731489764500637
7851.035629773722,24.727673377028147
7991.67745680075,24.57111116860589
7991.67745680075,24.57111116860589
7991.67745680075,24.57111116860589
7731.097425360779,24.549756945615158
7731.097425360779,24.549756945615158
7731.097425360779,24.549756945615158
7682.292684340831,24.638467354521577
7682.292684340831,24.638467354521577
7682.292684340831,24.638467354521577
7682.292684340831,24.638467354521577
7682.292684340831,24.638467354521577
7682.292684340831,24.638467354521577
7682.292684340831,24.638467354521577
7682.292684340831,24.638467354521577
7682.292684340831,24.638467354521577
7682.292684340831,24.638467354521577
7682.292684340831,24.638467354521577
7682.292684340831,24.638467354521577
7682.292684340831,24.638467354521577
7682.292684340831,24.638467354521577
7624.626138475524,24.564579297145226
7624.626138475524,24.564579297145226
7624.626138475524,24.564579297145226
7624.626138475524,24.564579297145226
7906.251096099439,24.68048503260176
7906.251096099439,24.68048503260176
7906.251096099439,24.68048503260176
7906.251096099439,24.68048503260176
7906.251096099439,24.68048503260176
7906.251096099439,24.68048503260176
7906.251096099439,24.68048503260176
7906.251096099439,24.68048503260176
7906.251096099439,24.68048503260176
7906.251096099439,24.68048503260176
7906.251096099439,24.68048503260176
7906.251096099439,24.68048503260176
7906.251096099439,24.68048503260176
7935.295911826969,24.71336912739039
7935.295911826969,24.71336912739039
7935.295911826969,24.71336912739039
7935.295911826969,24.71336912739039
7808.248462049303,24.620047923990803
7808.248462049303,24.620047923990803
7808.248462049303,24.620047923990803
7930.062488507441,24.521697573847522
7510.342202173997,24.567465267247172
7510.342202173997,24.567465267247172
7510.342202173997,24.567465267247172
7510.342202173997,24.567465267247172
7510.342202173997,24.567465267247172
7510.342202173997,24.567465267247172
7510.342202173997,24.567465267247172
7510.342202173997,24.567465267247172
7493.381299584215,24.602032338874444
7493.381299584215,24.602032338874444
7493.381299584215,24.602032338874444
7512.542994507924,24.618529906718752
7512.542994507924,24.618529906718752
7512.542994507924,24.618529906718752
7770.17182815101,24.613466232575604
7770.17182815101,24.613466232575604
7972.222019059979,24.61887679531719
7972.222019059979,24.61887679531719
7972.222019059979,24.61887679531719
7718.07552532815,24.656006363113395
7718.07552532815,24.656006363113395
7991.434471032281,24.733354612285577
7995.122052179746,24.63153053601009
7995.122052179746,24.63153053601009
7995.122052179746,24.63153053601009
7995.122052179746,24.63153053601009
7962.106712111595,24.628039373040213
7962.106712111595,24.628039373040213
8097.176901369808,24.65423052689993
8097.176901369808,24.65423052689993
7739.361090175357,24.513509529709133
7739.361090175357,24.513509529709133
7198.2586908234325,24.692376628563398
7198.2586908234325,24.692376628563398
7198.2586908234325,24.692376628563398
7464.379736975456,24.79755461866051
7663.389380038878,24.585473473117123
7663.389380038878,24.585473473117123
7663.389380038878,24.585473473117123
7747.562368874887,24.639209916263212
7747.562368874887,24.639209916263212
7747.562368874887,24.639209916263212
7747.562368874887,24.639209916263212
7747.562368874887,24.639209916263212
7574.009815433347,24.704562844627493
7574.009815433347,24.704562844627493
7837.842831613607,24.57376631222374
7837.842831613607,24.57376631222374
7837.842831613607,24.57376631222374
7837.842831613607,24.57376631222374
7837.842831613607,24.57376631222374
7837.842831613607,24.57376631222374
7837.842831613607,24.57376631222374
7918.476599040921,24.67938451082034
7918.476599040921,24.67938451082034
7918.476599040921,24.67938451082034
8131.903047234244,24.75354432532168
8131.903047234244,24.75354432532168
8131.903047234244,24.75354432532168
7970.614159107471,24.728555401226355
7467.356200528386,24.61436565635417
7467.356200528386,24.61436565635417
7467.356200528386,24.61436565635417
7467.356200528386,24.61436565635417
7740.783016077652,24.709756265545646
7740.783016077652,24.709756265545646
7740.783016077652,24.709756265545646
7740.783016077652,24.709756265545646
7531.705848033476,24.585961934026457
7531.705848033476,24.585961934026457
7336.008752969345,24.550492164926744
7336.008752969345,24.550492164926744
7101.351162430181,24.594036871664535
7101.351162430181,24.594036871664535
7101.351162430181,24.594036871664535
7101.351162430181,24.594036871664535
7101.351162430181,24.594036871664535
7101.351162430181,24.594036871664535
7101.351162430181,24.594036871664535
7101.351162430181,24.594036871664535
7101.351162430181,24.594036871664535
7101.351162430181,24.594036871664535
7101.351162430181,24.594036871664535
6973.974575569923,24.558674524252993
7312.184627194257,24.70764472863924
7872.745849925041,24.69851804295865
7872.745849925041,24.69851804295865
7872.745849925041,24.69851804295865
7872.745849925041,24.69851804295865
7872.745849925041,24.69851804295865
7714.255272603009,24.606421168566502
7714.255272603009,24.606421168566502
7714.255272603009,24.606421168566502
7714.255272603009,24.606421168566502
7183.628641807737,24.696939124791694
7183.628641807737,24.696939124791694
7183.628641807737,24.696939124791694
7183.628641807737,24.696939124791694
7183.628641807737,24.696939124791694
7183.628641807737,24.696939124791694
7183.628641807737,24.696939124791694
6989.269044996938,24.629775326281358
6989.269044996938,24.629775326281358
6989.269044996938,24.629775326281358
6989.269044996938,24.629775326281358
6989.269044996938,24.629775326281358
6989.269044996938,24.629775326281358
6989.269044996938,24.629775326281358
6989.269044996938,24.629775326281358
6989.269044996938,24.629775326281358
6989.269044996938,24.629775326281358
6989.269044996938,24.629775326281358
6989.269044996938,24.629775326281358
7006.59972655317,24.70636927523621
7006.59972655317,24.70636927523621
7344.4954559821435,24.670997910401383
7441.285319406517,24.737804212096094
7441.285319406517,24.737804212096094
7441.285319406517,24.737804212096094
7441.285319406517,24.737804212096094
7441.285319406517,24.737804212096094
7534.112606641994,24.709708194539246
7534.112606641994,24.709708194539246
7534.112606641994,24.709708194539246
7540.883245756958,24.658069294229136
7828.698934760467,24.697216198009222
7828.698934760467,24.697216198009222
7828.698934760467,24.697216198009222
7620.432707477899,24.707061279459484
7620.432707477899,24.707061279459484
7680.685766942174,24.726175475516605
7680.685766942174,24.726175475516605
7806.625834154627,24.79968708533581
7806.625834154627,24.79968708533581
7806.625834154627,24.79968708533581
7683.762563230934,24.655037251667935
7561.487210584399,24.698545326655783
7561.487210584399,24.698545326655783
7561.487210584399,24.698545326655783
7561.487210584399,24.698545326655783
7531.955419411585,24.64584304362238
7531.955419411585,24.64584304362238
7531.955419411585,24.64584304362238
7531.955419411585,24.64584304362238
7531.955419411585,24.64584304362238
7531.955419411585,24.64584304362238
7665.726642071922,24.608530171216238
7665.726642071922,24.608530171216238
7774.128572920712,24.676187155299687
7774.128572920712,24.676187155299687
7774.128572920712,24.676187155299687
7774.128572920712,24.676187155299687
7774.128572920712,24.676187155299687
7774.128572920712,24.676187155299687
7774.128572920712,24.676187155299687
7774.128572920712,24.676187155299687
7774.128572920712,24.676187155299687
7774.128572920712,24.676187155299687
7537.690776877623,24.62472796587487
7503.767126276565,24.590159231261858
7503.767126276565,24.590159231261858
7542.841381974855,24.776282386677497
7755.515857128106,24.715918545785797
7879.229254606408,24.692439194519356
7879.229254606408,24.692439194519356
7879.229254606408,24.692439194519356
7879.229254606408,24.692439194519356
7879.229254606408,24.692439194519356
7879.229254606408,24.692439194519356
7883.716406484201,24.662583968228645
7883.716406484201,24.662583968228645
7883.716406484201,24.662583968228645
7883.716406484201,24.662583968228645
7883.716406484201,24.662583968228645
7883.716406484201,24.662583968228645
7883.716406484201,24.662583968228645
7883.716406484201,24.662583968228645
7883.716406484201,24.662583968228645
7883.716406484201,24.662583968228645
7883.716406484201,24.662583968228645
7883.716406484201,24.662583968228645
7652.708026827635,24.621945866538372
7652.708026827635,24.621945866538372
7652.708026827635,24.621945866538372
7652.708026827635,24.621945866538372
7652.708026827635,24.621945866538372
7652.708026827635,24.621945866538372
7652.708026827635,24.621945866538372
7927.225176817161,24.578730915024018
7927.225176817161,24.578730915024018
7674.693222819919,24.700362677900856
7674.693222819919,24.700362677900856
7674.693222819919,24.700362677900856
7674.693222819919,24.700362677900856
7191.7749079434425,24.53614580108226
7788.544525111769,24.562334001516408
7776.780172693268,24.711239586195976
7594.323672712188,24.641371544364247
7652.071621848448,24.69342490404877
7652.071621848448,24.69342490404877
7652.071621848448,24.69342490404877
7652.071621848448,24.69342490404877
7652.071621848448,24.69342490404877
8085.574473738542,24.541932124073647
7631.953770425927,24.503490719015765
7631.953770425927,24.503490719015765
7631.953770425927,24.503490719015765
7631.953770425927,24.503490719015765
7631.953770425927,24.503490719015765
8080.135954027892,24.45313146807051
8080.135954027892,24.45313146807051
8080.135954027892,24.45313146807051
8080.135954027892,24.45313146807051
8080.135954027892,24.45313146807051
7714.593224158932,24.50822849858637
7714.593224158932,24.50822849858637
7714.593224158932,24.50822849858637
7714.593224158932,24.50822849858637
7714.593224158932,24.50822849858637
7953.540343039218,24.551320615078023
7966.5937867186385,24.619575866541258
7966.5937867186385,24.619575866541258
7923.101319298394,24.54904233153696
7923.101319298394,24.54904233153696
7412.642839039401,24.669009966971636
7389.557698526346,24.690047695310085
7389.557698526346,24.690047695310085
7389.557698526346,24.690047695310085
7389.557698526346,24.690047695310085
7022.0851739594755,24.627834381871324
7021.3438052451,24.605283806288618
7021.3438052451,24.605283806288618
7021.3438052451,24.605283806288618
6948.182027247244,24.750986779971186
6948.182027247244,24.750986779971186
6948.182027247244,24.750986779971186
6948.182027247244,24.750986779971186
6948.182027247244,24.750986779971186
6948.182027247244,24.750986779971186
6948.182027247244,24.750986779971186
6948.182027247244,24.750986779971186
6948.182027247244,24.750986779971186
6948.182027247244,24.750986779971186
6948.182027247244,24.750986779971186
7066.372066444454,24.76483214144633
7066.372066444454,24.76483214144633
6850.082571597958,24.62641758319778
6850.082571597958,24.62641758319778
6931.04917287515,24.651859221170277
6931.04917287515,24.651859221170277
7011.138797436412,24.681035394428363
7011.138797436412,24.681035394428363
7011.138797436412,24.681035394428363
7011.138797436412,24.681035394428363
7011.138797436412,24.681035394428363
7011.138797436412,24.681035394428363
7461.399009632436,24.550581472043444
7461.399009632436,24.550581472043444
7612.590963855128,24.58585193178573
7612.590963855128,24.58585193178573
7343.107157792128,24.67003580302458
7343.107157792128,24.67003580302458
7343.107157792128,24.67003580302458
6947.903261562339,24.67045160019326
6947.903261562339,24.67045160019326
6964.106291027867,24.704882818271237
7203.838873114274,24.62057237389862
7203.838873114274,24.62057237389862
6997.69560850936,24.588673641338165
6997.69560850936,24.588673641338165
7686.628253277074,24.5259605589573
7975.615440741018,24.629000189156685
7975.615440741018,24.629000189156685
7975.615440741018,24.629000189156685
7719.605296714187,24.534994182370195
7719.605296714187,24.534994182370195
7719.605296714187,24.534994182370195
7719.605296714187,24.534994182370195
7719.605296714187,24.534994182370195
7719.605296714187,24.534994182370195
7719.605296714187,24.534994182370195
7644.685363589284,24.774334435896083
7483.253984230536,24.669673250812234
7483.253984230536,24.669673250812234
7483.253984230536,24.669673250812234
7483.253984230536,24.669673250812234
7483.253984230536,24.669673250812234
7483.253984230536,24.669673250812234
7483.253984230536,24.669673250812234
7483.253984230536,24.669673250812234
7532.889697777431,24.533285863178776
7532.889697777431,24.533285863178776
7532.889697777431,24.533285863178776
7165.485776081766,24.752947339677966
7165.485776081766,24.752947339677966
7111.017397254971,24.667601626576715
7111.017397254971,24.667601626576715
7111.017397254971,24.667601626576715
6992.193265549058,24.664368702429936
6992.193265549058,24.664368702429936
6992.193265549058,24.664368702429936
6992.193265549058,24.664368702429936
6992.193265549058,24.664368702429936
6992.193265549058,24.664368702429936
6992.193265549058,24.664368702429936
6992.193265549058,24.664368702429936
7179.761744049935,24.597644237731256
6932.516484219132,24.76508216659769
6728.94207858917,24.678397039108706
6728.94207858917,24.678397039108706
6728.94207858917,24.678397039108706
6728.94207858917,24.678397039108706
6728.94207858917,24.678397039108706
6728.94207858917,24.678397039108706
6728.94207858917,24.678397039108706
6728.94207858917,24.678397039108706
6834.66817072975,24.757534651894527
6834.66817072975,24.757534651894527
6811.61785133265,24.741491473890928
6743.616052565489,24.6775916541573
6437.079546686083,24.742604876711525
6430.595933588131,24.646180511281834
6430.595933588131,24.646180511281834
6430.595933588131,24.646180511281834
6430.595933588131,24.646180511281834
6430.595933588131,24.646180511281834
6430.595933588131,24.646180511281834
6430.595933588131,24.646180511281834
6430.595933588131,24.646180511281834
6430.595933588131,24.646180511281834
6430.595933588131,24.646180511281834
6430.595933588131,24.646180511281834
6460.943744881778,24.655537698229956
6460.943744881778,24.655537698229956
6460.943744881778,24.655537698229956
6460.943744881778,24.655537698229956
6389.409595110688,24.64176505173685
6734.082669686033,24.549280735629733
6734.082669686033,24.549280735629733
6734.082669686033,24.549280735629733
6734.082669686033,24.549280735629733
6734.082669686033,24.549280735629733
6657.310005068758,24.647558640105686
6657.310005068758,24.647558640105686
6871.23690625213,24.662667460599888
6871.23690625213,24.662667460599888
7123.039213986738,24.583908199909235
7123.039213986738,24.583908199909235
7010.110921338717,24.75229496822518
7010.110921338717,24.75229496822518
7010.110921338717,24.75229496822518
7010.110921338717,24.75229496822518
7010.110921338717,24.75229496822518
7010.110921338717,24.75229496822518
7010.110921338717,24.75229496822518
6429.366424068263,24.675355170020673
6429.366424068263,24.675355170020673
6429.366424068263,24.675355170020673
6429.366424068263,24.675355170020673
6742.936857785007,24.81896945571581
6742.936857785007,24.81896945571581
6742.936857785007,24.81896945571581
6742.936857785007,24.81896945571581
6742.936857785007,24.81896945571581
6452.88480755902,24.73260752465648
6452.88480755902,24.73260752465648
6452.88480755902,24.73260752465648
6452.88480755902,24.73260752465648
6452.88480755902,24.73260752465648
6543.24296702489,24.784338422320193
6705.172660538881,24.719506585562883
7182.453468903765,24.543354097442897
7182.453468903765,24.543354097442897
7182.453468903765,24.543354097442897
7276.620411994838,24.53022711693187
7276.620411994838,24.53022711693187
7276.620411994838,24.53022711693187
7664.217739797616,24.61084702144745
7274.482771966908,24.607899191219943
7274.482771966908,24.607899191219943
7274.482771966908,24.607899191219943
7274.482771966908,24.607899191219943
7274.482771966908,24.607899191219943
7041.5787803602225,24.82113039923839
7471.790604803469,24.683217046707355
7471.790604803469,24.683217046707355
7471.790604803469,24.683217046707355
7471.790604803469,24.683217046707355
7471.790604803469,24.683217046707355
7211.882166442689,24.607696894523947
7211.882166442689,24.607696894523947
7211.882166442689,24.607696894523947
7263.744857785647,24.698974309277595
7263.744857785647,24.698974309277595
7315.830694714794,24.730982868377243
7315.830694714794,24.730982868377243
7315.830694714794,24.730982868377243
7315.830694714794,24.730982868377243
7556.932411320873,24.528674964000583
7556.932411320873,24.528674964000583
7556.932411320873,24.528674964000583
7556.932411320873,24.528674964000583
7556.932411320873,24.528674964000583
7211.8862215183235,24.705160981013222
7681.698792376594,24.71233596075289
7681.698792376594,24.71233596075289
7681.698792376594,24.71233596075289
7681.698792376594,24.71233596075289
8302.964774540005,24.68812041506342
8302.964774540005,24.68812041506342
8302.964774540005,24.68812041506342
8302.964774540005,24.68812041506342
8302.964774540005,24.68812041506342
8302.964774540005,24.68812041506342
8707.891599641354,24.524073944475756
8707.891599641354,24.524073944475756
8707.891599641354,24.524073944475756
8707.891599641354,24.524073944475756
8707.891599641354,24.524073944475756
8707.891599641354,24.524073944475756
8707.891599641354,24.524073944475756
9023.100853558508,24.680677460961974
9023.100853558508,24.680677460961974
9086.910943496283,24.647733304155928
8856.489754316673,24.663108549669385
8856.489754316673,24.663108549669385
8856.489754316673,24.663108549669385
8856.489754316673,24.663108549669385
8856.489754316673,24.663108549669385
8856.489754316673,24.663108549669385
8856.489754316673,24.663108549669385
8635.68293087938,24.679038849148725
8635.68293087938,24.679038849148725
8635.68293087938,24.679038849148725
8808.529036962922,24.6644488143934
8808.529036962922,24.6644488143934
8808.529036962922,24.6644488143934
9050.850642400665,24.609541228368478
8823.556627999502,24.611730255827844
8158.1041523020085,24.634797416116577
8158.1041523020085,24.634797416116577
8158.1041523020085,24.634797416116577
8158.1041523020085,24.634797416116577
8158.1041523020085,24.634797416116577
8158.1041523020085,24.634797416116577
8158.1041523020085,24.634797416116577
8158.1041523020085,24.634797416116577
8158.1041523020085,24.634797416116577
8158.1041523020085,24.634797416116577
8219.354620547507,24.67606734079959
8620.950525067448,24.62252722908378
8620.950525067448,24.62252722908378
8620.950525067448,24.62252722908378
8620.950525067448,24.62252722908378
8717.928019000603,24.607157174197084
8387.245629822966,24.589525856927064
8088.510317344104,24.67569459499649
8088.510317344104,24.67569459499649
8088.510317344104,24.67569459499649
8088.510317344104,24.67569459499649
8018.954705262586,24.718337962980392
8159.627247888073,24.760381738208306
7752.541755345237,24.620461534593254
7752.541755345237,24.620461534593254
7752.541755345237,24.620461534593254
7752.541755345237,24.620461534593254
7752.541755345237,24.620461534593254
7752.541755345237,24.620461534593254
7752.541755345237,24.620461534593254
7752.541755345237,24.620461534593254
7752.541755345237,24.620461534593254
7752.541755345237,24.620461534593254
7970.771973946552,24.55666218340678
7970.771973946552,24.55666218340678
7970.771973946552,24.55666218340678
8108.5411045994215,24.61171081908205
8108.5411045994215,24.61171081908205
8108.5411045994215,24.61171081908205
8108.5411045994215,24.61171081908205
8108.5411045994215,24.61171081908205
8108.5411045994215,24.61171081908205
8108.5411045994215,24.61171081908205
8108.5411045994215,24.61171081908205
8108.5411045994215,24.61171081908205
8108.5411045994215,24.61171081908205
8108.5411045994215,24.61171081908205
8108.5411045994215,24.61171081908205
8108.5411045994215,24.61171081908205
8108.5411045994215,24.61171081908205
7789.255131223911,24.675531658494222
7789.255131223911,24.675531658494222
7789.255131223911,24.675531658494222
7789.255131223911,24.675531658494222
7491.889231217252,24.72810385150211
7337.264372774882,24.55237161634246
7337.264372774882,24.55237161634246
7750.345738499278,24.688363612175078
7750.345738499278,24.688363612175078
7750.345738499278,24.688363612175078
7750.345738499278,24.688363612175078
7750.345738499278,24.688363612175078
7750.345738499278,24.688363612175078
7750.345738499278,24.688363612175078
7750.345738499278,24.688363612175078
7570.7035361836115,24.678863547211403
7570.7035361836115,24.678863547211403
7775.202495233498,24.759231034123346
7775.202495233498,24.759231034123346
7880.882523630576,24.72204510788276
7880.882523630576,24.72204510788276
7880.882523630576,24.72204510788276
7880.882523630576,24.72204510788276
7643.463417093212,24.7119875105884
7643.463417093212,24.7119875105884
7668.583001802468,24.657040043040563
7668.583001802468,24.657040043040563
7668.583001802468,24.657040043040563
7668.4501724004385,24.676790373982243
7668.4501724004385,24.676790373982243
7668.928700026056,24.669243212248624
7668.928700026056,24.669243212248624
7668.928700026056,24.669243212248624
7668.928700026056,24.669243212248624
7668.928700026056,24.669243212248624
7668.928700026056,24.669243212248624
7445.743110881569,24.66505912957147
7445.743110881569,24.66505912957147
7445.743110881569,24.66505912957147
7445.743110881569,24.66505912957147
7445.743110881569,24.66505912957147
7445.743110881569,24.66505912957147
7071.05878339029,24.668855368871025
7071.05878339029,24.668855368871025
7149.6181367675035,24.688889514084153
7149.6181367675035,24.688889514084153
7149.6181367675035,24.688889514084153
7149.6181367675035,24.688889514084153
7149.6181367675035,24.688889514084153
7149.6181367675035,24.688889514084153
7205.5767029640065,24.640883499908057
7205.5767029640065,24.640883499908057
7205.5767029640065,24.640883499908057
7205.5767029640065,24.640883499908057
7469.049106340804,24.691986301562064
7322.781026805496,24.61987547231199
7175.595276569798,24.662023920075665
7203.897773705835,24.667520360002168
7203.897773705835,24.667520360002168
7203.897773705835,24.667520360002168
7203.897773705835,24.667520360002168
7203.897773705835,24.667520360002168
7203.897773705835,24.667520360002168
7203.897773705835,24.667520360002168
7203.897773705835,24.667520360002168
7203.897773705835,24.667520360002168
7203.897773705835,24.667520360002168
7402.501303818304,24.73848941051331
7402.501303818304,24.73848941051331
7258.337529995973,24.593803851425225
7258.337529995973,24.593803851425225
7258.337529995973,24.593803851425225
7258.337529995973,24.593803851425225
7258.337529995973,24.593803851425225
7258.337529995973,24.593803851425225
7258.337529995973,24.593803851425225
7258.337529995973,24.593803851425225
7258.337529995973,24.593803851425225
7258.337529995973,24.593803851425225
7723.783032808487,24.611097823534916
7723.783032808487,24.611097823534916
7723.783032808487,24.611097823534916
7723.783032808487,24.611097823534916
7723.783032808487,24.611097823534916
7723.783032808487,24.611097823534916
7723.783032808487,24.611097823534916
7653.848337415622,24.568602314208583
7801.934155595332,24.656580485822982
7801.934155595332,24.656580485822982
7801.934155595332,24.656580485822982
7801.934155595332,24.656580485822982
7801.934155595332,24.656580485822982
7464.477617362732,24.672173612586114
7464.477617362732,24.672173612586114
7464.477617362732,24.672173612586114
7464.477617362732,24.672173612586114
7695.1321980921475,24.61536878357942
7695.1321980921475,24.61536878357942
7695.1321980921475,24.61536878357942
7794.488724695416,24.63434115325496
7731.020273533548,24.588288629590565
8456.321809568888,24.617968365548656
8456.321809568888,24.617968365548656
8964.581468858267,24.658083087101584
8719.549228510725,24.70948667863583
8867.875286315779,24.692368775330248
8235.487322762552,24.620916116381657
8235.487322762552,24.620916116381657
8235.487322762552,24.620916116381657
8235.487322762552,24.620916116381657
8235.487322762552,24.620916116381657
8235.487322762552,24.620916116381657
7819.758502827741,24.559951945746285
7819.758502827741,24.559951945746285
7553.989318209206,24.433289660982222
7553.989318209206,24.433289660982222
8138.801757317979,24.563204203128386
8138.801757317979,24.563204203128386
8138.801757317979,24.563204203128386
7901.909697664784,24.541596249485018
7901.909697664784,24.541596249485018
8403.915484839463,24.662010359745825
7951.002334832577,24.564258445685933
7951.002334832577,24.564258445685933
7708.002239490265,24.739355040187625
7708.002239490265,24.739355040187625
7708.002239490265,24.739355040187625
7708.002239490265,24.739355040187625
7708.002239490265,24.739355040187625
7708.002239490265,24.739355040187625
7708.002239490265,24.739355040187625
8162.882236652273,24.748994080240305
8162.882236652273,24.748994080240305
8228.645845547793,24.714802286817388
8316.082551641788,24.71635677502848
8316.082551641788,24.71635677502848
7822.635723934354,24.709232001522434
7822.635723934354,24.709232001522434
7822.635723934354,24.709232001522434
7822.635723934354,24.709232001522434
7860.730808518526,24.598084894694388
7860.730808518526,24.598084894694388
7860.730808518526,24.598084894694388
7860.730808518526,24.598084894694388
8016.528897618636,24.657362332287267
8016.528897618636,24.657362332287267
8016.528897618636,24.657362332287267
8637.34317755771,24.537807101937474
8637.34317755771,24.537807101937474
8637.34317755771,24.537807101937474
8029.765272651592,24.738171247110415
8029.765272651592,24.738171247110415
8029.765272651592,24.738171247110415
8029.765272651592,24.738171247110415
8029.765272651592,24.738171247110415
8029.765272651592,24.738171247110415
8029.765272651592,24.738171247110415
8029.765272651592,24.738171247110415
8105.481927703853,24.4830619527965
8032.114333693966,24.60010337875811
8032.114333693966,24.60010337875811
8032.114333693966,24.60010337875811
8032.114333693966,24.60010337875811
8032.114333693966,24.60010337875811
8032.114333693966,24.60010337875811
8032.114333693966,24.60010337875811
8032.114333693966,24.60010337875811
8032.114333693966,24.60010337875811
8032.114333693966,24.60010337875811
8032.114333693966,24.60010337875811
8032.114333693966,24.60010337875811
8032.114333693966,24.60010337875811
8032.114333693966,24.60010337875811
8032.114333693966,24.60010337875811
8032.114333693966,24.60010337875811
8107.7276299866135,24.657834603139264
8107.7276299866135,24.657834603139264
8107.7276299866135,24.657834603139264
8107.7276299866135,24.657834603139264
8107.7276299866135,24.657834603139264
8107.7276299866135,24.657834603139264
8453.437659450348,24.554313960790363
8433.281401496135,24.582309218385273
7755.438072092853,24.644968584739413
7755.438072092853,24.644968584739413
7755.438072092853,24.644968584739413
7755.438072092853,24.644968584739413
7755.438072092853,24.644968584739413
7755.438072092853,24.644968584739413
7755.438072092853,24.644968584739413
7755.438072092853,24.644968584739413
7755.438072092853,24.644968584739413
7755.438072092853,24.644968584739413
7648.911375090511,24.69451206213538
7648.911375090511,24.69451206213538
7648.911375090511,24.69451206213538
7648.911375090511,24.69451206213538
7648.911375090511,24.69451206213538
7762.724582705902,24.635893851048618
7762.724582705902,24.635893851048618
7762.724582705902,24.635893851048618
7762.724582705902,24.635893851048618
7762.724582705902,24.635893851048618
7762.724582705902,24.635893851048618
7762.724582705902,24.635893851048618
7762.724582705902,24.635893851048618
7762.724582705902,24.635893851048618
7762.724582705902,24.635893851048618
7762.724582705902,24.635893851048618
7762.724582705902,24.635893851048618
7762.724582705902,24.635893851048618
7762.724582705902,24.635893851048618
7920.959398232584,24.623698839693986
7920.959398232584,24.623698839693986
7153.941392803488,24.65249059953822
7153.941392803488,24.65249059953822
7153.941392803488,24.65249059953822
7117.416196187463,24.687782687764777
7117.416196187463,24.687782687764777
7346.482469954422,24.649565176793196
7346.482469954422,24.649565176793196
7346.482469954422,24.649565176793196
7346.482469954422,24.649565176793196
7340.280039922406,24.59160661514984
7340.280039922406,24.59160661514984
7340.280039922406,24.59160661514984
7425.662941507739,24.67679307831106
7425.662941507739,24.67679307831106
7425.662941507739,24.67679307831106
7409.562691025855,24.531454885450064
7409.562691025855,24.531454885450064
7349.656602468602,24.6698460176467
7349.656602468602,24.6698460176467
7484.3937420500115,24.665814872875103
7484.3937420500115,24.665814872875103
7484.3937420500115,24.665814872875103
7484.3937420500115,24.665814872875103
7905.165761781359,24.723140781323714
7643.9940560765235,24.82019471211675
8014.511571519451,24.685805727041537
8014.511571519451,24.685805727041537
8014.511571519451,24.685805727041537
8014.511571519451,24.685805727041537
8014.511571519451,24.685805727041537
8014.511571519451,24.685805727041537
8312.091719774699,24.54898242130457
8293.359203430648,24.52369371080907
8293.359203430648,24.52369371080907
8293.359203430648,24.52369371080907
8293.359203430648,24.52369371080907
8293.359203430648,24.52369371080907
8293.359203430648,24.52369371080907
8288.177893065413,24.78671229713328
8470.034373147519,24.806652291677374
8470.034373147519,24.806652291677374
8028.136480467431,24.7897122767379
8028.136480467431,24.7897122767379
7874.448640897225,24.43326887133011
7777.045080893884,24.607688219695156
7777.045080893884,24.607688219695156
7915.475302375635,24.553756870856876
7915.475302375635,24.553756870856876
7880.638413429837,24.60083003293063
7880.638413429837,24.60083003293063
7880.638413429837,24.60083003293063
7995.564562730792,24.556216841550892
7995.564562730792,24.556216841550892
7995.564562730792,24.556216841550892
7932.690637050091,24.625314330869404
7932.690637050091,24.625314330869404
7932.690637050091,24.625314330869404
7932.690637050091,24.625314330869404
7949.912476915646,24.687328218678882
7949.912476915646,24.687328218678882
7949.912476915646,24.687328218678882
7473.823406547233,24.77911951523527
7473.823406547233,24.77911951523527
7473.823406547233,24.77911951523527
7473.823406547233,24.77911951523527
7473.823406547233,24.77911951523527
7473.823406547233,24.77911951523527
7473.823406547233,24.77911951523527
7473.823406547233,24.77911951523527
7473.823406547233,24.77911951523527
7133.447389149478,24.631180553178613
7133.447389149478,24.631180553178613
7133.447389149478,24.631180553178613
7133.447389149478,24.631180553178613
7133.447389149478,24.631180553178613
7133.447389149478,24.631180553178613
7340.198168025554,24.591607517128114
7340.198168025554,24.591607517128114
7135.068095198747,24.767227248276896
7135.068095198747,24.767227248276896
7123.271060917779,24.572183458759273
7007.631563539147,24.72862879761338
6991.648447042721,24.799743524279098
6991.648447042721,24.799743524279098
6991.648447042721,24.799743524279098
6991.648447042721,24.799743524279098
6991.648447042721,24.799743524279098
6991.648447042721,24.799743524279098
7007.897950794626,24.649447440382126
7007.897950794626,24.649447440382126
7204.951352873014,24.605373761320102
7204.951352873014,24.605373761320102
7204.951352873014,24.605373761320102
6878.401524798178,24.80935154808665
6878.401524798178,24.80935154808665
6878.401524798178,24.80935154808665
6878.401524798178,24.80935154808665
7143.548772561402,24.638647174723193
7712.936400745489,24.706485302979516
7712.936400745489,24.706485302979516
7351.500474533765,24.745060912896847
7351.500474533765,24.745060912896847
7351.500474533765,24.745060912896847
7351.500474533765,24.745060912896847
7351.500474533765,24.745060912896847
7351.500474533765,24.745060912896847
7351.500474533765,24.745060912896847
7916.3356136381835,24.70090554986998
7916.3356136381835,24.70090554986998
7916.3356136381835,24.70090554986998
7916.3356136381835,24.70090554986998
7979.986962133878,24.787365504978165
7979.986962133878,24.787365504978165
8267.940343000146,24.68868530912819
8267.940343000146,24.68868530912819
8217.055493724962,24.68092572649245
8217.055493724962,24.68092572649245
7942.0194478116,24.670062824331964
8124.498347635362,24.71730601708868
8615.123761406574,24.708010672852435
8615.123761406574,24.708010672852435
8615.123761406574,24.708010672852435
8521.471873238646,24.547563772638437
8059.199327831039,24.82553266218455
8059.199327831039,24.82553266218455
8059.199327831039,24.82553266218455
8059.199327831039,24.82553266218455
8059.199327831039,24.82553266218455
7937.174836209328,24.689816167884874
7937.174836209328,24.689816167884874
7937.174836209328,24.689816167884874
7937.174836209328,24.689816167884874
7937.174836209328,24.689816167884874
7994.1058585483215,24.579516598962293
7994.1058585483215,24.579516598962293
8000.0540751208255,24.579036363802942
8000.0540751208255,24.579036363802942
8000.0540751208255,24.579036363802942
8000.0540751208255,24.579036363802942
7494.030318342099,24.532295276839452
7850.496595285108,24.649663723556532
7778.768704072473,24.641352517429933
7778.768704072473,24.641352517429933
7778.768704072473,24.641352517429933
7778.768704072473,24.641352517429933
7778.768704072473,24.641352517429933
7778.768704072473,24.641352517429933
7778.768704072473,24.641352517429933
7934.466120054577,24.623973352128253
7934.466120054577,24.623973352128253
7934.466120054577,24.623973352128253
7504.714858298104,24.577983921443924
7504.714858298104,24.577983921443924
7504.714858298104,24.577983921443924
7504.714858298104,24.577983921443924
7504.714858298104,24.577983921443924
7504.714858298104,24.577983921443924
7504.714858298104,24.577983921443924
7504.714858298104,24.577983921443924
7504.714858298104,24.577983921443924
7504.714858298104,24.577983921443924
7504.714858298104,24.577983921443924
7395.352793842557,24.663885678858236
7395.352793842557,24.663885678858236
7395.352793842557,24.663885678858236
7395.352793842557,24.663885678858236
7395.352793842557,24.663885678858236
7395.352793842557,24.663885678858236
7395.352793842557,24.663885678858236
7720.425798271754,24.60822653004543
7720.425798271754,24.60822653004543
7720.425798271754,24.60822653004543
7720.425798271754,24.60822653004543
7720.425798271754,24.60822653004543
7720.425798271754,24.60822653004543
7720.425798271754,24.60822653004543
7720.425798271754,24.60822653004543
7386.735553502499,24.607609029036414
7232.320048700101,24.697247660485885
7272.678456766553,24.604752373858595
7571.753937858855,24.617075577411864
7571.753937858855,24.617075577411864
7571.753937858855,24.617075577411864
7571.753937858855,24.617075577411864
7571.753937858855,24.617075577411864
7242.977256925015,24.51025974239842
7242.977256925015,24.51025974239842
7637.380935021913,24.675738709140216
7637.380935021913,24.675738709140216
7637.380935021913,24.675738709140216
7637.380935021913,24.675738709140216
7007.639018020435,24.71340668888049
7007.639018020435,24.71340668888049
7007.639018020435,24.71340668888049
7007.639018020435,24.71340668888049
7007.639018020435,24.71340668888049
7353.066899060598,24.585090636768875
7353.066899060598,24.585090636768875
7353.066899060598,24.585090636768875
7353.066899060598,24.585090636768875
7353.066899060598,24.585090636768875
7574.685925292766,24.57441039989815
7574.685925292766,24.57441039989815
7574.685925292766,24.57441039989815
7268.660854527474,24.55971284506028
7268.660854527474,24.55971284506028
7260.752263269854,24.746488525452747
7260.752263269854,24.746488525452747
7260.752263269854,24.746488525452747
7260.752263269854,24.746488525452747
7240.03395439956,24.789999207824806
6799.584897167391,24.67561803585991
7133.928430480735,24.62115997546822
7184.797297482738,24.697734001034707
7184.797297482738,24.697734001034707
7184.797297482738,24.697734001034707
7184.797297482738,24.697734001034707
7286.480162408969,24.59196534602425
7286.480162408969,24.59196534602425
7286.480162408969,24.59196534602425
7196.8567200354655,24.702155025697238
7196.8567200354655,24.702155025697238
7196.8567200354655,24.702155025697238
7320.7591349994955,24.656980894564978
7320.7591349994955,24.656980894564978
7320.7591349994955,24.656980894564978
7320.7591349994955,24.656980894564978
7320.7591349994955,24.656980894564978
7320.7591349994955,24.656980894564978
7320.7591349994955,24.656980894564978
7320.7591349994955,24.656980894564978
7320.7591349994955,24.656980894564978
7320.7591349994955,24.656980894564978
7320.7591349994955,24.656980894564978
7320.7591349994955,24.656980894564978
7320.7591349994955,24.656980894564978
7320.7591349994955,24.656980894564978
7221.914391236653,24.608232897000462
7221.914391236653,24.608232897000462
7221.914391236653,24.608232897000462
7400.258383691985,24.65212439096955
7400.258383691985,24.65212439096955
7400.258383691985,24.65212439096955
7400.258383691985,24.65212439096955
7560.311353578393,24.763086634627108
7560.311353578393,24.763086634627108
7849.981222482559,24.731330335200695
7765.860276059323,24.530725803098825
7765.860276059323,24.530725803098825
7986.18580228145,24.655997475783913
7986.18580228145,24.655997475783913
7986.18580228145,24.655997475783913
7986.18580228145,24.655997475783913
7634.32678696088,24.73713101485785
7634.32678696088,24.73713101485785
7634.32678696088,24.73713101485785
7634.32678696088,24.73713101485785
7634.32678696088,24.73713101485785
7634.32678696088,24.73713101485785
7634.32678696088,24.73713101485785
7634.32678696088,24.73713101485785
7634.32678696088,24.73713101485785
7782.455828896912,24.79990194696468
7781.80163147526,24.673869491315497
7781.80163147526,24.673869491315497
7781.80163147526,24.673869491315497
7680.4886206807805,24.69317053935911
7680.4886206807805,24.69317053935911
7680.4886206807805,24.69317053935911
7680.4886206807805,24.69317053935911
7901.130551553139,24.74542930051167
7901.130551553139,24.74542930051167
7901.130551553139,24.74542930051167
7901.130551553139,24.74542930051167
7770.847382405527,24.660099040501617
7607.722495362906,24.712244658989945
7607.722495362906,24.712244658989945
7607.722495362906,24.712244658989945
7453.708642191983,24.729041676134102
7453.708642191983,24.729041676134102
7453.708642191983,24.729041676134102
7453.708642191983,24.729041676134102
7453.708642191983,24.729041676134102
7453.708642191983,24.729041676134102
7530.5067663435375,24.632874836360973
7530.5067663435375,24.632874836360973
7467.595651873364,24.7537677467065
7467.595651873364,24.7537677467065
7197.157450591968,24.569307076693068
7197.157450591968,24.569307076693068
8024.805398339306,24.559876599071004
8024.805398339306,24.559876599071004
7882.105189495613,24.560678876793187
7882.105189495613,24.560678876793187
7882.105189495613,24.560678876793187
7882.105189495613,24.560678876793187
7882.105189495613,24.560678876793187
7882.105189495613,24.560678876793187
7777.000606408446,24.614572051365815
7777.000606408446,24.614572051365815
7777.000606408446,24.614572051365815
7777.000606408446,24.614572051365815
7993.681916484129,24.52799975841885
8154.692486956732,24.738514168100835
7794.912938807338,24.63872320219963
7794.912938807338,24.63872320219963
7487.510689565825,24.654405720486974
7487.510689565825,24.654405720486974
7487.510689565825,24.654405720486974
7487.510689565825,24.654405720486974
7487.510689565825,24.654405720486974
7487.510689565825,24.654405720486974
7118.434329711363,24.721571383851327
7118.434329711363,24.721571383851327
7118.434329711363,24.721571383851327
7118.434329711363,24.721571383851327
7118.434329711363,24.721571383851327
7670.08627013932,24.573543417691322
7670.08627013932,24.573543417691322
7570.812662414275,24.69300893085845
7340.6401605718775,24.65285365186869
7340.6401605718775,24.65285365186869
7340.6401605718775,24.65285365186869
7243.564737037015,24.7120429355582
7006.879559138065,24.584198125594376
7251.564533672417,24.53401222793256
7439.351588249336,24.857786912129463
7174.4308179648215,24.867123836337047
6625.003614136486,24.55106392358776
6625.003614136486,24.55106392358776
6457.691005630444,24.581626440015455
6457.691005630444,24.581626440015455
6457.691005630444,24.581626440015455
7086.178593588553,24.485725127671635
7542.252719660246,24.550270272100683
7542.252719660246,24.550270272100683
7542.252719660246,24.550270272100683
7542.252719660246,24.550270272100683
7542.252719660246,24.550270272100683
7542.252719660246,24.550270272100683
7542.252719660246,24.550270272100683
7542.252719660246,24.550270272100683
7542.252719660246,24.550270272100683
7542.252719660246,24.550270272100683
7655.301095466471,24.668146152309625
7655.301095466471,24.668146152309625
7655.301095466471,24.668146152309625
7655.301095466471,24.668146152309625
7164.746191030424,24.714350980888522
7139.363276153423,24.662395293867668
7341.123930244516,24.661588454270245
7341.123930244516,24.661588454270245
7341.123930244516,24.661588454270245
7341.123930244516,24.661588454270245
7341.123930244516,24.661588454270245
7341.123930244516,24.661588454270245
7341.123930244516,24.661588454270245
7341.123930244516,24.661588454270245
7341.123930244516,24.661588454270245
7823.426554175386,24.6477688589458
7823.426554175386,24.6477688589458
7823.426554175386,24.6477688589458
7823.426554175386,24.6477688589458
7669.290459502086,24.58382304685629
7669.290459502086,24.58382304685629
7669.290459502086,24.58382304685629
7669.290459502086,24.58382304685629
7669.290459502086,24.58382304685629
7669.290459502086,24.58382304685629
7670.74955507178,24.54065278396832
7452.468744547353,24.61921471656728
7712.471770852343,24.6008539259929
7941.523461283285,24.663456437024443
7941.523461283285,24.663456437024443
8494.299692788785,24.682092952813175
8494.299692788785,24.682092952813175
8494.299692788785,24.682092952813175
8494.299692788785,24.682092952813175
8494.299692788785,24.682092952813175
8494.299692788785,24.682092952813175
7934.152760641755,24.686731670814375
7934.152760641755,24.686731670814375
7934.152760641755,24.686731670814375
7934.152760641755,24.686731670814375
7934.152760641755,24.686731670814375
7934.152760641755,24.686731670814375
7934.152760641755,24.686731670814375
8359.214370607786,24.58747810271421
8141.362356631382,24.558693137546022
8141.362356631382,24.558693137546022
8141.362356631382,24.558693137546022
8141.362356631382,24.558693137546022
7857.22594506786,24.671230688706235
7857.22594506786,24.671230688706235
8137.825708762325,24.561146327242323
8137.825708762325,24.561146327242323
8137.825708762325,24.561146327242323
8137.825708762325,24.561146327242323
8138.7313011537635,24.47240669129736
8138.7313011537635,24.47240669129736
7944.574895558948,24.53670099600288
8252.973837557956,24.632508162772808
8252.973837557956,24.632508162772808
8252.973837557956,24.632508162772808
8252.973837557956,24.632508162772808
8135.684601915097,24.656167397897693
8135.684601915097,24.656167397897693
8135.684601915097,24.656167397897693
7928.766673702805,24.49957180974929
7894.695829853528,24.578397522163502
7894.695829853528,24.578397522163502
7894.695829853528,24.578397522163502
7894.695829853528,24.578397522163502
7894.695829853528,24.578397522163502
7894.695829853528,24.578397522163502
7479.241961723025,24.693268618831695
7479.241961723025,24.693268618831695
7465.3682457587265,24.631048582228544
7465.3682457587265,24.631048582228544
7465.3682457587265,24.631048582228544
7465.3682457587265,24.631048582228544
7465.3682457587265,24.631048582228544
7465.3682457587265,24.631048582228544
7333.075465063747,24.64425619366223
7333.075465063747,24.64425619366223
7700.509130272959,24.65542655859855
7700.509130272959,24.65542655859855
7700.509130272959,24.65542655859855
7675.002827544073,24.631134535795823
7675.002827544073,24.631134535795823
7675.002827544073,24.631134535795823
7926.246665619721,24.71523763645068
7926.246665619721,24.71523763645068
7926.246665619721,24.71523763645068
7926.246665619721,24.71523763645068
7926.246665619721,24.71523763645068
7926.246665619721,24.71523763645068
7876.699185773387,24.671795934443104
7876.699185773387,24.671795934443104
7717.468788517465,24.76965226326422
7889.732621440392,24.669398732781453
7889.732621440392,24.669398732781453
7881.290382593395,24.6168318948188
7881.290382593395,24.6168318948188
7881.290382593395,24.6168318948188
7881.290382593395,24.6168318948188
7881.290382593395,24.6168318948188
7907.013487983085,24.68250242507821
7907.013487983085,24.68250242507821
7907.013487983085,24.68250242507821
7432.285032825058,24.561168685802443
7432.285032825058,24.561168685802443
7599.79662191211,24.533928644305302
7599.79662191211,24.533928644305302
7599.79662191211,24.533928644305302
7891.944118588487,24.510711354420014
8001.542814209736,24.620989142541966
8001.542814209736,24.620989142541966
8001.542814209736,24.620989142541966
7625.135561318789,24.599986733376415
7625.135561318789,24.599986733376415
7625.135561318789,24.599986733376415
7625.135561318789,24.599986733376415
7625.135561318789,24.599986733376415
7625.135561318789,24.599986733376415
7625.135561318789,24.599986733376415
7625.135561318789,24.599986733376415
7657.327214995463,24.584141294234204
7657.327214995463,24.584141294234204
7306.533798004624,24.758361046859893
6791.191765316768,24.725226686794084
6791.191765316768,24.725226686794084
6791.191765316768,24.725226686794084
6791.191765316768,24.725226686794084
6791.191765316768,24.725226686794084
6895.834673098583,24.65485744204535
6895.834673098583,24.65485744204535
6895.834673098583,24.65485744204535
6936.561281859653,24.62974336442412
6936.561281859653,24.62974336442412
6936.561281859653,24.62974336442412
6936.561281859653,24.62974336442412
6936.561281859653,24.62974336442412
6936.561281859653,24.62974336442412
6936.561281859653,24.62974336442412
6936.561281859653,24.62974336442412
6936.561281859653,24.62974336442412
6936.561281859653,24.62974336442412
6816.198872208961,24.720682546085047
7023.850910729196,24.726724936679354
7474.828984116472,24.728661255656334
7474.828984116472,24.728661255656334
7474.828984116472,24.728661255656334
7474.828984116472,24.728661255656334
7474.828984116472,24.728661255656334
7443.105874255955,24.680543148879526
7443.105874255955,24.680543148879526
7443.105874255955,24.680543148879526
7443.105874255955,24.680543148879526
7721.203007631797,24.540537396983684
7721.203007631797,24.540537396983684
7721.203007631797,24.540537396983684
7766.542261608263,24.720771339956578
7766.542261608263,24.720771339956578
7766.542261608263,24.720771339956578
7766.542261608263,24.720771339956578
7766.542261608263,24.720771339956578
7766.542261608263,24.720771339956578
7766.542261608263,24.720771339956578
7766.542261608263,24.720771339956578
7766.542261608263,24.720771339956578
7766.542261608263,24.720771339956578
7766.542261608263,24.720771339956578
7766.542261608263,24.720771339956578
7815.108596429547,24.639966881427213
7815.108596429547,24.639966881427213
7815.108596429547,24.639966881427213
7815.108596429547,24.639966881427213
7815.108596429547,24.639966881427213
7815.108596429547,24.639966881427213
7815.108596429547,24.639966881427213
7803.743661976794,24.71957937741896
7803.743661976794,24.71957937741896
7713.0690587664985,24.61163097192736
7713.0690587664985,24.61163097192736
7713.0690587664985,24.61163097192736
7760.512477655578,24.546500966974822
7760.512477655578,24.546500966974822
7760.512477655578,24.546500966974822
7759.779788655685,24.648295017181756
7759.779788655685,24.648295017181756
8083.274414158624,24.659702703779477
8083.274414158624,24.659702703779477
8083.274414158624,24.659702703779477
8283.061641012493,24.61348082722437
8283.061641012493,24.61348082722437
8283.061641012493,24.61348082722437
8283.061641012493,24.61348082722437
7919.225421102293,24.513255317624996
7919.225421102293,24.513255317624996
7919.225421102293,24.513255317624996
7879.0267610335595,24.725602088602425
8061.752253302954,24.669693619906447
8061.752253302954,24.669693619906447
8061.752253302954,24.669693619906447
8291.088447077042,24.700487064022212
8173.687005807736,24.693867024175443
7579.244976550431,24.79487327210741
7579.244976550431,24.79487327210741
7579.244976550431,24.79487327210741
7579.244976550431,24.79487327210741
7579.244976550431,24.79487327210741
7865.951128330573,24.72871073795786
7865.951128330573,24.72871073795786
7865.951128330573,24.72871073795786
7865.951128330573,24.72871073795786
7865.951128330573,24.72871073795786
7865.951128330573,24.72871073795786
7865.951128330573,24.72871073795786
7865.951128330573,24.72871073795786
7865.951128330573,24.72871073795786
7828.160616697927,24.66038932527923
7828.160616697927,24.66038932527923
7828.160616697927,24.66038932527923
7666.340341275036,24.710581344672708
7666.340341275036,24.710581344672708
7665.518747447988,24.597962435675516
7977.0332627047,24.61100355733554
7684.785511686173,24.681325286675502
7276.719745632221,24.681017382710845
7276.719745632221,24.681017382710845
7569.559240054899,24.703951141647355
7569.559240054899,24.703951141647355
7569.559240054899,24.703951141647355
7569.559240054899,24.703951141647355
7569.559240054899,24.703951141647355
7569.559240054899,24.703951141647355
7569.559240054899,24.703951141647355
7569.559240054899,24.703951141647355
7569.559240054899,24.703951141647355
7569.559240054899,24.703951141647355
7569.559240054899,24.703951141647355
7082.894528023154,24.900598414090595
6936.7161600382115,24.63003955267668
6936.7161600382115,24.63003955267668
6936.7161600382115,24.63003955267668
6936.7161600382115,24.63003955267668
7497.356375765976,24.80968273882062
7497.356375765976,24.80968273882062
7497.356375765976,24.80968273882062
7497.356375765976,24.80968273882062
7497.356375765976,24.80968273882062
7497.356375765976,24.80968273882062
7497.356375765976,24.80968273882062
7563.316501602809,24.668170488353407
7563.316501602809,24.668170488353407
6967.324318939451,24.817714947399434
6967.324318939451,24.817714947399434
6967.324318939451,24.817714947399434
6575.459213155239,24.64097479819584
6575.459213155239,24.64097479819584
6575.459213155239,24.64097479819584
6575.459213155239,24.64097479819584
6575.459213155239,24.64097479819584
6575.459213155239,24.64097479819584
6575.459213155239,24.64097479819584
6575.459213155239,24.64097479819584
7000.274034813306,24.664949570864692
7524.077077136194,24.60067105395077
7524.077077136194,24.60067105395077
7524.077077136194,24.60067105395077
7524.077077136194,24.60067105395077
7524.077077136194,24.60067105395077
7733.982759227995,24.625979401535556
7733.982759227995,24.625979401535556
7733.982759227995,24.625979401535556
7733.982759227995,24.625979401535556
7733.982759227995,24.625979401535556
7733.982759227995,24.625979401535556
7733.982759227995,24.625979401535556
7495.861658518825,24.53082989685157
7495.861658518825,24.53082989685157
7495.861658518825,24.53082989685157
7495.861658518825,24.53082989685157
7495.861658518825,24.53082989685157
7754.943773018221,24.751411524813122
7754.943773018221,24.751411524813122
7754.943773018221,24.751411524813122
7403.349555360763,24.598097406047934
7403.349555360763,24.598097406047934
7403.349555360763,24.598097406047934
7403.349555360763,24.598097406047934
7403.349555360763,24.598097406047934
7403.349555360763,24.598097406047934
7378.2799914473435,24.74953918190286
7378.2799914473435,24.74953918190286
7378.2799914473435,24.74953918190286
7378.2799914473435,24.74953918190286
7378.2799914473435,24.74953918190286
7378.2799914473435,24.74953918190286
7378.2799914473435,24.74953918190286
7378.2799914473435,24.74953918190286
7378.2799914473435,24.74953918190286
7464.926574441007,24.73383789048889
7464.926574441007,24.73383789048889
7399.6257829308115,24.749233784356566
7412.26181669077,24.664788573152137
7412.26181669077,24.664788573152137
7412.26181669077,24.664788573152137
7412.26181669077,24.664788573152137
7412.26181669077,24.664788573152137
7608.311996527097,24.630503373807127
7608.311996527097,24.630503373807127
7608.311996527097,24.630503373807127
7608.311996527097,24.630503373807127
7608.311996527097,24.630503373807127
7713.887474063557,24.650920887405
8201.107862014811,24.654538055403886
7985.925804206412,24.739847203584617
7945.799616351579,24.643300964879458
7945.799616351579,24.643300964879458
7945.799616351579,24.643300964879458
7945.799616351579,24.643300964879458
7688.040670460645,24.623912994633244
7688.040670460645,24.623912994633244
7417.579035589301,24.60596956319762
7417.579035589301,24.60596956319762
7678.720819882066,24.59645949617963
7678.720819882066,24.59645949617963
7678.720819882066,24.59645949617963
7678.720819882066,24.59645949617963
7648.536242880775,24.721373925876573
7648.536242880775,24.721373925876573
7648.536242880775,24.721373925876573
7849.432063813219,24.519192833887576
8043.655517597064,24.56719900488945
8043.655517597064,24.56719900488945
8043.655517597064,24.56719900488945
8043.655517597064,24.56719900488945
8043.655517597064,24.56719900488945
8043.655517597064,24.56719900488945
8043.655517597064,24.56719900488945
8043.655517597064,24.56719900488945
8043.655517597064,24.56719900488945
8043.655517597064,24.56719900488945
7750.206084486782,24.527781258638683
7750.206084486782,24.527781258638683
7424.333517465309,24.548726763347457
7424.333517465309,24.548726763347457
7805.018111962548,24.59098516872529
7805.018111962548,24.59098516872529
7805.018111962548,24.59098516872529
7805.018111962548,24.59098516872529
7805.018111962548,24.59098516872529
7805.018111962548,24.59098516872529
7805.018111962548,24.59098516872529
7805.018111962548,24.59098516872529
7805.018111962548,24.59098516872529
7805.018111962548,24.59098516872529
7805.018111962548,24.59098516872529
7696.259743499338,24.678148064863905
7696.259743499338,24.678148064863905
7696.259743499338,24.678148064863905
7696.259743499338,24.678148064863905
7696.259743499338,24.678148064863905
7696.259743499338,24.678148064863905
7696.259743499338,24.678148064863905
7784.890794118467,24.469728354691796
7784.890794118467,24.469728354691796
7784.890794118467,24.469728354691796
7784.890794118467,24.469728354691796
7784.890794118467,24.469728354691796
7980.9899471823355,24.60064736886923
7980.9899471823355,24.60064736886923
8427.859350658182,24.623697076720507
8649.47063600202,24.51718487775056
8649.47063600202,24.51718487775056
8649.47063600202,24.51718487775056
8146.338433040531,24.700153195798862
8257.461624909669,24.595133753168824
8257.461624909669,24.595133753168824
8257.461624909669,24.595133753168824
8257.461624909669,24.595133753168824
8257.461624909669,24.595133753168824
8257.461624909669,24.595133753168824
8505.30754906771,24.66494933236672
8505.30754906771,24.66494933236672
8505.30754906771,24.66494933236672
8505.30754906771,24.66494933236672
8505.30754906771,24.66494933236672
8505.30754906771,24.66494933236672
8505.30754906771,24.66494933236672
8505.30754906771,24.66494933236672
8505.30754906771,24.66494933236672
8505.30754906771,24.66494933236672
8358.95154631595,24.6292203817652
8358.95154631595,24.6292203817652
8358.95154631595,24.6292203817652
8347.16919251794,24.659158217830026
8347.16919251794,24.659158217830026
8347.16919251794,24.659158217830026
8347.16919251794,24.659158217830026
8347.16919251794,24.659158217830026
8347.16919251794,24.659158217830026
8347.16919251794,24.659158217830026
8151.939897912571,24.526349040286526
8123.4966605026075,24.684337121063088
8123.4966605026075,24.684337121063088
8123.4966605026075,24.684337121063088
8070.735260967326,24.66584979257997
8070.735260967326,24.66584979257997
7796.69315800622,24.714349068576606
7796.69315800622,24.714349068576606
7796.69315800622,24.714349068576606
7785.028730559081,24.733504493336575
7785.028730559081,24.733504493336575
7785.028730559081,24.733504493336575
7852.518081191575,24.672433532346243
7757.861324506792,24.562056569343063
8167.051803440642,24.597056954825273
8167.051803440642,24.597056954825273
8050.071178463897,24.689049566579335
8050.071178463897,24.689049566579335
8050.071178463897,24.689049566579335
8074.418903738276,24.631303901758134
8074.418903738276,24.631303901758134
8078.557678197998,24.610535612137973
8078.557678197998,24.610535612137973
8078.557678197998,24.610535612137973
8078.557678197998,24.610535612137973
8078.557678197998,24.610535612137973
8253.836344938089,24.55068446980195
8253.836344938089,24.55068446980195
8253.836344938089,24.55068446980195
8532.832854115648,24.57071941185318
8626.860392478397,24.56004273901179
8626.860392478397,24.56004273901179
8626.860392478397,24.56004273901179
8626.860392478397,24.56004273901179
8565.254013777396,24.66600216807986
8565.254013777396,24.66600216807986
8565.254013777396,24.66600216807986
8565.254013777396,24.66600216807986
8565.254013777396,24.66600216807986
8565.254013777396,24.66600216807986
8808.627603554532,24.647626596097812
8808.627603554532,24.647626596097812
8808.627603554532,24.647626596097812
8808.627603554532,24.647626596097812
8808.627603554532,24.647626596097812
8808.627603554532,24.647626596097812
8951.870294935508,24.62153067815228
8951.870294935508,24.62153067815228
8951.870294935508,24.62153067815228
8951.870294935508,24.62153067815228
8951.870294935508,24.62153067815228
8951.870294935508,24.62153067815228
8951.870294935508,24.62153067815228
8951.870294935508,24.62153067815228
8951.870294935508,24.62153067815228
8649.747890942097,24.67824235345167
8649.747890942097,24.67824235345167
8649.747890942097,24.67824235345167
8649.747890942097,24.67824235345167
8713.576461520212,24.633238949850814
8713.576461520212,24.633238949850814
8713.576461520212,24.633238949850814
8713.576461520212,24.633238949850814
8699.102581380548,24.609097885631726
8699.102581380548,24.609097885631726
8699.102581380548,24.609097885631726
8699.102581380548,24.609097885631726
8270.855750309638,24.62187262353726
7746.145068189396,24.660080909920914
7746.145068189396,24.660080909920914
7746.145068189396,24.660080909920914
7746.145068189396,24.660080909920914
7746.145068189396,24.660080909920914
7746.145068189396,24.660080909920914
7746.145068189396,24.660080909920914
7746.145068189396,24.660080909920914
7746.145068189396,24.660080909920914
7792.8144442338635,24.669020857435243
7792.8144442338635,24.669020857435243
7792.8144442338635,24.669020857435243
7420.045300703699,24.670550953975635
7420.045300703699,24.670550953975635
7420.045300703699,24.670550953975635
7420.045300703699,24.670550953975635
7420.045300703699,24.670550953975635
7420.045300703699,24.670550953975635
7420.045300703699,24.670550953975635
7420.045300703699,24.670550953975635
7420.045300703699,24.670550953975635
7420.045300703699,24.670550953975635
7420.045300703699,24.670550953975635
7420.045300703699,24.670550953975635
7420.045300703699,24.670550953975635
7420.045300703699,24.670550953975635
7420.045300703699,24.670550953975635
7420.045300703699,24.670550953975635
7420.045300703699,24.670550953975635
7420.045300703699,24.670550953975635
7420.045300703699,24.670550953975635
7420.045300703699,24.670550953975635
7420.045300703699,24.670550953975635
7420.045300703699,24.670550953975635
7420.045300703699,24.670550953975635
7548.208593265621,24.559371081685754
7548.208593265621,24.559371081685754
7548.208593265621,24.559371081685754
7548.208593265621,24.559371081685754
7548.208593265621,24.559371081685754
7908.74406606039,24.654453360947404
7908.74406606039,24.654453360947404
7476.549443650454,24.749036977463103
7476.549443650454,24.749036977463103
7476.549443650454,24.749036977463103
7476.549443650454,24.749036977463103
7476.549443650454,24.749036977463103
7476.549443650454,24.749036977463103
7476.549443650454,24.749036977463103
7476.549443650454,24.749036977463103
7719.704292562677,24.68286444143624
7719.704292562677,24.68286444143624
7719.704292562677,24.68286444143624
7958.214947128869,24.553241352798548
7770.495491973416,24.508453093794802
7770.495491973416,24.508453093794802
7507.229952817598,24.573659662168
7507.229952817598,24.573659662168
7887.4077679515485,24.59670560691136
7887.4077679515485,24.59670560691136
7887.4077679515485,24.59670560691136
7887.4077679515485,24.59670560691136
7772.758554028391,24.61041437845413
7772.758554028391,24.61041437845413
7772.758554028391,24.61041437845413
7772.758554028391,24.61041437845413
7772.758554028391,24.61041437845413
7772.758554028391,24.61041437845413
7772.758554028391,24.61041437845413
7772.758554028391,24.61041437845413
7772.758554028391,24.61041437845413
7772.758554028391,24.61041437845413
7916.380745572888,24.647942439443547
7916.380745572888,24.647942439443547
7916.380745572888,24.647942439443547
7916.380745572888,24.647942439443547
7916.380745572888,24.647942439443547
7916.380745572888,24.647942439443547
7916.380745572888,24.647942439443547
7916.380745572888,24.647942439443547
7916.380745572888,24.647942439443547
7916.380745572888,24.647942439443547
7720.414891610557,24.674193996115967
7548.510174558041,24.615720038399424
7548.510174558041,24.615720038399424
7087.047951527647,24.68245118561503
7087.047951527647,24.68245118561503
7087.047951527647,24.68245118561503
7087.047951527647,24.68245118561503
7103.8871336239645,24.50138909094799
7103.8871336239645,24.50138909094799
7099.747877754461,24.715822182133657
7099.747877754461,24.715822182133657
7099.747877754461,24.715822182133657
7099.747877754461,24.715822182133657
7099.747877754461,24.715822182133657
7075.538055469692,24.65540182936354
7102.029026082703,24.650598890976692
7185.530105522131,24.77642469013231
7185.530105522131,24.77642469013231
7170.405541102725,24.755409719727886
7170.405541102725,24.755409719727886
7170.405541102725,24.755409719727886
7636.151647785359,24.617735227561777
7567.306666106383,24.699558236295722
7567.306666106383,24.699558236295722
7567.306666106383,24.699558236295722
7567.306666106383,24.699558236295722
7567.306666106383,24.699558236295722
7567.306666106383,24.699558236295722
7567.306666106383,24.699558236295722
7567.306666106383,24.699558236295722
7696.554164613243,24.701091774689232
7696.554164613243,24.701091774689232
7696.554164613243,24.701091774689232
7696.554164613243,24.701091774689232
7696.554164613243,24.701091774689232
7696.554164613243,24.701091774689232
7457.4686049230195,24.543454948157404
7457.4686049230195,24.543454948157404
7211.569116820679,24.630164222228213
7211.569116820679,24.630164222228213
7211.569116820679,24.630164222228213
7211.569116820679,24.630164222228213
7211.569116820679,24.630164222228213
7211.569116820679,24.630164222228213
7211.569116820679,24.630164222228213
7211.569116820679,24.630164222228213
7211.569116820679,24.630164222228213
7260.846482514795,24.457933292792024
7260.846482514795,24.457933292792024
7260.846482514795,24.457933292792024
6938.657652666572,24.52634368935111
6938.657652666572,24.52634368935111
6938.657652666572,24.52634368935111
6844.946967185821,24.564683486907636
7403.732984657207,24.640133356477065
7403.732984657207,24.640133356477065
7239.832960173053,24.622309971107942
7239.832960173053,24.622309971107942
7239.832960173053,24.622309971107942
7239.832960173053,24.622309971107942
7239.832960173053,24.622309971107942
7388.250445743981,24.624906275690748
7388.250445743981,24.624906275690748
7388.250445743981,24.624906275690748
7388.250445743981,24.624906275690748
7388.250445743981,24.624906275690748
7388.250445743981,24.624906275690748
7197.581577809318,24.583525987192697
7197.581577809318,24.583525987192697
7197.581577809318,24.583525987192697
7467.023680049728,24.673808731715457
7467.023680049728,24.673808731715457
7467.023680049728,24.673808731715457
7467.023680049728,24.673808731715457
7467.023680049728,24.673808731715457
7467.023680049728,24.673808731715457
7467.023680049728,24.673808731715457
7467.023680049728,24.673808731715457
7467.023680049728,24.673808731715457
6956.303400288616,24.5554498771353
7584.407232881027,24.58388389569716
7584.407232881027,24.58388389569716
7584.407232881027,24.58388389569716
7701.950844035016,24.68253365583797
7799.694901297698,24.6873655589786
7799.694901297698,24.6873655589786
7799.694901297698,24.6873655589786
7799.694901297698,24.6873655589786
7799.694901297698,24.6873655589786
7487.73187146377,24.63903824416764
7487.73187146377,24.63903824416764
7487.73187146377,24.63903824416764
7293.474986126034,24.63214116300902
7293.474986126034,24.63214116300902
7293.474986126034,24.63214116300902
7293.474986126034,24.63214116300902
7864.861962946,24.506391540560774
7681.594812568843,24.578878676675036
7681.594812568843,24.578878676675036
7681.594812568843,24.578878676675036
8089.8848323246075,24.59735511135177
8089.8848323246075,24.59735511135177
8089.8848323246075,24.59735511135177
8089.8848323246075,24.59735511135177
8089.8848323246075,24.59735511135177
8089.8848323246075,24.59735511135177
8089.8848323246075,24.59735511135177
8093.716164907347,24.69482934911852
8093.716164907347,24.69482934911852
7960.402251769504,24.61325112524702
7960.402251769504,24.61325112524702
7986.501353456708,24.63516410214262
7997.842999434497,24.598101164838507
7997.842999434497,24.598101164838507
7997.842999434497,24.598101164838507
8305.760271853756,24.68629903720649
8232.195619110245,24.586180458430523
8232.195619110245,24.586180458430523
8232.195619110245,24.586180458430523
8232.195619110245,24.586180458430523
8232.195619110245,24.586180458430523
8232.195619110245,24.586180458430523
8232.195619110245,24.586180458430523
8232.195619110245,24.586180458430523
8232.195619110245,24.586180458430523
8232.195619110245,24.586180458430523
8232.195619110245,24.586180458430523
8232.195619110245,24.586180458430523
8232.195619110245,24.586180458430523
8552.509156369897,24.61649257474113
8552.509156369897,24.61649257474113
8552.509156369897,24.61649257474113
8552.509156369897,24.61649257474113
8305.994157434294,24.53802378509146
8305.994157434294,24.53802378509146
8305.994157434294,24.53802378509146
8305.994157434294,24.53802378509146
8117.837138103122,24.782116048113693
8395.22754499609,24.756002552449747
8395.22754499609,24.756002552449747
8395.22754499609,24.756002552449747
8395.22754499609,24.756002552449747
8495.886074074619,24.611117056826878
8495.886074074619,24.611117056826878
8495.886074074619,24.611117056826878
8094.208313759857,24.73461796568689
8094.208313759857,24.73461796568689
8094.208313759857,24.73461796568689
8094.208313759857,24.73461796568689
8094.208313759857,24.73461796568689
8094.208313759857,24.73461796568689
8150.937164742928,24.76246849985406
8150.937164742928,24.76246849985406
8150.937164742928,24.76246849985406
8150.937164742928,24.76246849985406
8150.937164742928,24.76246849985406
8150.937164742928,24.76246849985406
8150.937164742928,24.76246849985406
8150.937164742928,24.76246849985406
8150.937164742928,24.76246849985406
7900.384358229673,24.748332082345776
7621.686430802947,24.754978852969067
7621.686430802947,24.754978852969067
7734.8872786483125,24.680583702436216
7734.8872786483125,24.680583702436216
7734.8872786483125,24.680583702436216
8339.867073781661,24.626152020855272
8339.867073781661,24.626152020855272
8339.867073781661,24.626152020855272
8339.867073781661,24.626152020855272
8339.867073781661,24.626152020855272
8339.867073781661,24.626152020855272
8339.867073781661,24.626152020855272
8339.867073781661,24.626152020855272
8407.490861395701,24.569459977616862
8407.490861395701,24.569459977616862
8407.490861395701,24.569459977616862
8407.490861395701,24.569459977616862
8407.490861395701,24.569459977616862
8407.490861395701,24.569459977616862
8238.953966950583,24.579815689622293
8238.953966950583,24.579815689622293
8280.652681398733,24.553844540259156
8280.652681398733,24.553844540259156
8280.652681398733,24.553844540259156
8280.652681398733,24.553844540259156
8280.652681398733,24.553844540259156
8280.652681398733,24.553844540259156
8094.413880161153,24.749119541515945
8094.413880161153,24.749119541515945
8094.413880161153,24.749119541515945
8094.413880161153,24.749119541515945
8172.1778317713315,24.737619481469075
8172.1778317713315,24.737619481469075
8172.1778317713315,24.737619481469075
7777.848015639626,24.723395531079884
7777.848015639626,24.723395531079884
7455.365987589697,24.63242823506606
7455.365987589697,24.63242823506606
7455.365987589697,24.63242823506606
7455.365987589697,24.63242823506606
7455.365987589697,24.63242823506606
7455.365987589697,24.63242823506606
7455.365987589697,24.63242823506606
7455.365987589697,24.63242823506606
7455.365987589697,24.63242823506606
7455.365987589697,24.63242823506606
7455.365987589697,24.63242823506606
7455.365987589697,24.63242823506606
7455.365987589697,24.63242823506606
7428.938089419546,24.5907700125739
7428.938089419546,24.5907700125739
7428.938089419546,24.5907700125739
7428.938089419546,24.5907700125739
7821.511573015113,24.571118370151904
7486.7282234245895,24.627896909023885
7486.7282234245895,24.627896909023885
7486.7282234245895,24.627896909023885
7486.7282234245895,24.627896909023885
7486.7282234245895,24.627896909023885
7486.7282234245895,24.627896909023885
7486.7282234245895,24.627896909023885
7486.7282234245895,24.627896909023885
7486.7282234245895,24.627896909023885
7486.7282234245895,24.627896909023885
7486.7282234245895,24.627896909023885
7486.7282234245895,24.627896909023885
7486.7282234245895,24.627896909023885
7486.7282234245895,24.627896909023885
7486.7282234245895,24.627896909023885
7486.7282234245895,24.627896909023885
7486.7282234245895,24.627896909023885
7486.7282234245895,24.627896909023885
7486.7282234245895,24.627896909023885
7493.442025286921,24.686945383600246
7784.939191940165,24.699257018023797
7972.977841154635,24.560470330574113
7585.720845398675,24.691535561898412
7585.720845398675,24.691535561898412
7585.720845398675,24.691535561898412
7585.720845398675,24.691535561898412
7851.163978803706,24.73777584807162
8072.756802209875,24.777074524965844
8072.756802209875,24.777074524965844
8072.756802209875,24.777074524965844
8392.163410550438,24.70380359911855
8392.163410550438,24.70380359911855
8392.163410550438,24.70380359911855
8392.163410550438,24.70380359911855
8392.163410550438,24.70380359911855
8392.163410550438,24.70380359911855
8392.163410550438,24.70380359911855
8392.163410550438,24.70380359911855
8392.163410550438,24.70380359911855
8392.163410550438,24.70380359911855
8392.163410550438,24.70380359911855
8612.98236331874,24.769086489853997
8200.240705605527,24.57227201106862
7940.4613950646735,24.71513391360108
7940.4613950646735,24.71513391360108
7940.4613950646735,24.71513391360108
8024.30633309485,24.558715482559016
7435.005153067126,24.66332399224476
7168.6799387182655,24.57360547988714
7168.6799387182655,24.57360547988714
7462.1688063443235,24.682946556861857
7462.1688063443235,24.682946556861857
7435.104488384475,24.673311073164886
7435.104488384475,24.673311073164886
7404.235368835035,24.644967693405235
7404.235368835035,24.644967693405235
7404.235368835035,24.644967693405235
7404.235368835035,24.644967693405235
7404.235368835035,24.644967693405235
7404.235368835035,24.644967693405235
7404.235368835035,24.644967693405235
7404.235368835035,24.644967693405235
7285.277790321193,24.675401556782067
7711.815485150939,24.789635799986588
7802.000012562305,24.720634825124456
7802.000012562305,24.720634825124456
7992.522224368123,24.594886653936477
7992.522224368123,24.594886653936477
7992.522224368123,24.594886653936477
7992.522224368123,24.594886653936477
7905.6522450176435,24.612740107912924
7905.6522450176435,24.612740107912924
7905.6522450176435,24.612740107912924
7739.160191492765,24.749045452514796
7739.160191492765,24.749045452514796
7739.160191492765,24.749045452514796
7739.160191492765,24.749045452514796
7739.160191492765,24.749045452514796
7739.160191492765,24.749045452514796
7739.160191492765,24.749045452514796
7951.467982469148,24.628533963218775
7951.467982469148,24.628533963218775
7951.467982469148,24.628533963218775
7951.467982469148,24.628533963218775
7951.467982469148,24.628533963218775
7951.467982469148,24.628533963218775
8121.076472521268,24.570611968200755
8121.076472521268,24.570611968200755
8121.076472521268,24.570611968200755
8121.076472521268,24.570611968200755
8121.076472521268,24.570611968200755
8121.076472521268,24.570611968200755
8077.514527416005,24.76013041169153
8305.926940165524,24.488858306704245
8305.926940165524,24.488858306704245
8720.856566913164,24.62745687317009
8720.856566913164,24.62745687317009
8720.856566913164,24.62745687317009
8680.718676295399,24.517065967618098
8230.989759280783,24.45036366179607
8668.046930347107,24.585132475821357
8668.046930347107,24.585132475821357
8668.046930347107,24.585132475821357
8668.046930347107,24.585132475821357
8311.325395475116,24.597586624920933
8311.325395475116,24.597586624920933
8311.325395475116,24.597586624920933
8311.325395475116,24.597586624920933
8311.325395475116,24.597586624920933
8311.325395475116,24.597586624920933
7981.044217676244,24.685897544813237
8078.503953095514,24.741068833188905
8078.503953095514,24.741068833188905
7730.475994616144,24.78769623439333
7739.802747706097,24.732803523161195
7719.133294380538,24.586270619462894
7719.133294380538,24.586270619462894
7719.133294380538,24.586270619462894
7646.318452797906,24.70035433579835
7794.739055672375,24.544778113325506
7794.739055672375,24.544778113325506
7756.675045923938,24.732922136273526
7528.80407979586,24.728053098192316
7328.996599137134,24.771358273301832
7328.996599137134,24.771358273301832
7511.852561634643,24.81018173520428
7545.698166655881,24.547949460725683
7545.698166655881,24.547949460725683
7465.211135339419,24.596498061441466
7570.758271586405,24.718101581442685
7570.758271586405,24.718101581442685
7570.758271586405,24.718101581442685
7570.758271586405,24.718101581442685
7570.758271586405,24.718101581442685
7823.296134094118,24.712720960552844
7823.296134094118,24.712720960552844
7823.296134094118,24.712720960552844
7857.474072598032,24.63784881530921
7857.474072598032,24.63784881530921
7857.474072598032,24.63784881530921
7857.474072598032,24.63784881530921
7857.474072598032,24.63784881530921
7857.474072598032,24.63784881530921
7857.474072598032,24.63784881530921
7857.474072598032,24.63784881530921
7857.474072598032,24.63784881530921
7857.474072598032,24.63784881530921
7857.474072598032,24.63784881530921
7857.474072598032,24.63784881530921
7857.474072598032,24.63784881530921
7857.474072598032,24.63784881530921
7857.474072598032,24.63784881530921
7857.474072598032,24.63784881530921
7857.474072598032,24.63784881530921
7857.474072598032,24.63784881530921
7857.474072598032,24.63784881530921
7857.474072598032,24.63784881530921
7857.474072598032,24.63784881530921
7857.474072598032,24.63784881530921
7857.474072598032,24.63784881530921
7857.474072598032,24.63784881530921
7857.474072598032,24.63784881530921
7857.474072598032,24.63784881530921
7857.474072598032,24.63784881530921
7857.474072598032,24.63784881530921
7857.474072598032,24.63784881530921
7857.474072598032,24.63784881530921
7857.474072598032,24.63784881530921
7857.474072598032,24.63784881530921
7857.474072598032,24.63784881530921
7857.474072598032,24.63784881530921
7857.474072598032,24.63784881530921
7725.305805758057,24.58292496980681
7725.305805758057,24.58292496980681
7725.305805758057,24.58292496980681
7725.305805758057,24.58292496980681
7725.305805758057,24.58292496980681
7725.305805758057,24.58292496980681
7725.305805758057,24.58292496980681
7725.305805758057,24.58292496980681
7725.305805758057,24.58292496980681
7725.305805758057,24.58292496980681
7725.305805758057,24.58292496980681
7725.305805758057,24.58292496980681
7785.552384864167,24.636299591123905
7785.552384864167,24.636299591123905
7785.552384864167,24.636299591123905
7169.973450537707,24.7374477341779
7324.85615498518,24.565717760093367
7324.85615498518,24.565717760093367
7324.85615498518,24.565717760093367
7400.240678600269,24.66641655722001
7400.240678600269,24.66641655722001
7400.240678600269,24.66641655722001
7400.240678600269,24.66641655722001
7400.240678600269,24.66641655722001
7400.240678600269,24.66641655722001
7410.197938845326,24.586192702094053
7410.197938845326,24.586192702094053
7410.197938845326,24.586192702094053
7587.639853941643,24.58899367645886
7587.639853941643,24.58899367645886
7587.639853941643,24.58899367645886
7587.639853941643,24.58899367645886
7587.639853941643,24.58899367645886
7587.639853941643,24.58899367645886
7543.936142273049,24.759291338337558
7543.936142273049,24.759291338337558
7543.936142273049,24.759291338337558
7543.936142273049,24.759291338337558
7446.575710784282,24.591367104994152
7446.575710784282,24.591367104994152
7446.575710784282,24.591367104994152
7446.575710784282,24.591367104994152
7446.575710784282,24.591367104994152
7446.575710784282,24.591367104994152
7601.808849884079,24.561570864741565
7481.648278534089,24.633238436369332
7235.409180223432,24.66338918632067
7235.409180223432,24.66338918632067
7235.409180223432,24.66338918632067
7235.409180223432,24.66338918632067
7235.409180223432,24.66338918632067
7235.409180223432,24.66338918632067
7235.409180223432,24.66338918632067
7235.409180223432,24.66338918632067
7301.934310662936,24.588832057947677
7301.934310662936,24.588832057947677
7840.598555544916,24.783028775305233
7797.970343883136,24.640171471680212
7797.970343883136,24.640171471680212
7797.970343883136,24.640171471680212
7797.970343883136,24.640171471680212
7797.970343883136,24.640171471680212
7797.970343883136,24.640171471680212
7765.11504174791,24.58737785957116
7765.11504174791,24.58737785957116
7765.11504174791,24.58737785957116
7765.11504174791,24.58737785957116
7765.11504174791,24.58737785957116
7765.11504174791,24.58737785957116
7765.11504174791,24.58737785957116
7765.11504174791,24.58737785957116
8046.438680608816,24.741296880503835
7999.503033085313,24.60843839862399
7999.503033085313,24.60843839862399
7999.503033085313,24.60843839862399
7999.503033085313,24.60843839862399
8048.488326966575,24.730237486175337
7649.531068729599,24.702387844051284
7193.867525296541,24.76172883326229
7193.867525296541,24.76172883326229
7193.867525296541,24.76172883326229
7193.867525296541,24.76172883326229
7193.867525296541,24.76172883326229
7193.867525296541,24.76172883326229
6942.000272941541,24.619508244858356
6838.928045147789,24.703001760858776
6838.928045147789,24.703001760858776
6981.387346712941,24.6368818641621
6981.387346712941,24.6368818641621
7068.89616918169,24.498422255529984
7068.89616918169,24.498422255529984
7464.8863519811375,24.81382515608169
7296.398154457242,24.52551502300165
7064.496312868474,24.590070882317615
6997.332298257135,24.67152612747047
6997.332298257135,24.67152612747047
6997.332298257135,24.67152612747047
7341.247381107643,24.756205945706682
7341.247381107643,24.756205945706682
7660.9593998330965,24.657339505017536
7660.9593998330965,24.657339505017536
7660.9593998330965,24.657339505017536
7754.875057938155,24.571860190301962
7882.165804169925,24.60480200830983
7882.165804169925,24.60480200830983
7882.165804169925,24.60480200830983
8015.023666229629,24.68673288913189
8015.023666229629,24.68673288913189
8015.023666229629,24.68673288913189
8015.023666229629,24.68673288913189
8015.023666229629,24.68673288913189
8015.023666229629,24.68673288913189
8015.023666229629,24.68673288913189
8015.023666229629,24.68673288913189
8015.023666229629,24.68673288913189
8015.023666229629,24.68673288913189
8015.023666229629,24.68673288913189
8031.030850524278,24.55121197448661
8133.486028345166,24.55265153402949
8133.486028345166,24.55265153402949
8133.486028345166,24.55265153402949
8696.909356344877,24.649651172830637
8696.909356344877,24.649651172830637
8696.909356344877,24.649651172830637
8696.909356344877,24.649651172830637
8696.909356344877,24.649651172830637
8696.909356344877,24.649651172830637
8696.909356344877,24.649651172830637
8580.100646305938,24.584359048136093
8149.079640918438,24.530674161297398
8149.079640918438,24.530674161297398
8149.079640918438,24.530674161297398
8149.079640918438,24.530674161297398
8149.079640918438,24.530674161297398
8149.079640918438,24.530674161297398
8149.079640918438,24.530674161297398
8046.097561752297,24.682413559004875
8046.097561752297,24.682413559004875
8046.097561752297,24.682413559004875
8046.097561752297,24.682413559004875
8046.097561752297,24.682413559004875
8046.097561752297,24.682413559004875
8046.097561752297,24.682413559004875
8046.097561752297,24.682413559004875
8046.097561752297,24.682413559004875
8046.097561752297,24.682413559004875
8046.097561752297,24.682413559004875
8046.097561752297,24.682413559004875
7810.079588235913,24.634212629968967
7810.079588235913,24.634212629968967
7810.079588235913,24.634212629968967
7810.079588235913,24.634212629968967
8480.474733103121,24.655832865852645
7750.647176079436,24.544555147577604
7928.642376689172,24.56504200333477
7928.642376689172,24.56504200333477
7838.812259377657,24.494931909150008
7838.812259377657,24.494931909150008
7218.503646692866,24.52296589167073
7588.066482698792,24.482457356014223
7646.586711993103,24.679070379886507
7882.092586415911,24.60955255116248
7882.092586415911,24.60955255116248
7718.896287501866,24.651494048415916
7718.896287501866,24.651494048415916
7718.896287501866,24.651494048415916
7718.896287501866,24.651494048415916
7598.455426685126,24.635022371656216
7598.455426685126,24.635022371656216
7598.455426685126,24.635022371656216
7598.455426685126,24.635022371656216
7598.455426685126,24.635022371656216
7598.455426685126,24.635022371656216
7598.455426685126,24.635022371656216
7598.455426685126,24.635022371656216
7598.455426685126,24.635022371656216
7598.455426685126,24.635022371656216
7598.455426685126,24.635022371656216
7598.455426685126,24.635022371656216
7598.455426685126,24.635022371656216
7598.455426685126,24.635022371656216
7598.455426685126,24.635022371656216
7598.455426685126,24.635022371656216
7622.612998939447,24.63477212925069
7622.612998939447,24.63477212925069
7622.612998939447,24.63477212925069
7365.743875843644,24.684522912208262
7365.743875843644,24.684522912208262
7365.743875843644,24.684522912208262
7365.743875843644,24.684522912208262
7391.496477964239,24.731196262065577
7261.299937986573,24.552569099426243
7261.299937986573,24.552569099426243
7248.298531022175,24.742004339968698
7248.298531022175,24.742004339968698
7248.298531022175,24.742004339968698
7248.298531022175,24.742004339968698
7248.298531022175,24.742004339968698
7248.298531022175,24.742004339968698
7134.0773595825185,24.706442894086877
7134.0773595825185,24.706442894086877
7134.0773595825185,24.706442894086877
7134.0773595825185,24.706442894086877
7246.076056987202,24.570867366656927
7396.727949991086,24.656338356694476
7396.727949991086,24.656338356694476
7396.727949991086,24.656338356694476
7396.727949991086,24.656338356694476
7396.727949991086,24.656338356694476
7396.727949991086,24.656338356694476
7396.727949991086,24.656338356694476
7396.727949991086,24.656338356694476
7396.727949991086,24.656338356694476
7151.068165027964,24.630714490314556
7151.068165027964,24.630714490314556
7151.068165027964,24.630714490314556
7151.068165027964,24.630714490314556
7151.068165027964,24.630714490314556
7151.068165027964,24.630714490314556
7151.068165027964,24.630714490314556
7151.068165027964,24.630714490314556
7151.068165027964,24.630714490314556
7151.068165027964,24.630714490314556
7151.068165027964,24.630714490314556
7429.639585994407,24.59913697863228
7429.639585994407,24.59913697863228
7274.138433727235,24.729458035799183
7274.138433727235,24.729458035799183
7324.823671000462,24.57238176567485
6792.920836918619,24.637215914338288
6792.920836918619,24.637215914338288
6792.920836918619,24.637215914338288
6875.399351351188,24.652863291455734
6875.399351351188,24.652863291455734
7008.793730530539,24.615877346303936
7008.793730530539,24.615877346303936
7008.793730530539,24.615877346303936
7008.793730530539,24.615877346303936
7008.793730530539,24.615877346303936
7189.104143141614,24.537433136945165
7775.103056676361,24.674149227637177
7971.961191409949,24.678116611719947
7971.961191409949,24.678116611719947
7971.961191409949,24.678116611719947
7971.961191409949,24.678116611719947
7971.961191409949,24.678116611719947
7971.961191409949,24.678116611719947
7971.961191409949,24.678116611719947
7971.961191409949,24.678116611719947
7826.463076586958,24.59978207355326
7826.463076586958,24.59978207355326
7355.786504789726,24.68421429022463
7878.545587444313,24.59493793279439
7878.545587444313,24.59493793279439
7878.545587444313,24.59493793279439
7878.545587444313,24.59493793279439
7878.545587444313,24.59493793279439
8370.690182159793,24.621426060904557
8370.690182159793,24.621426060904557
8370.690182159793,24.621426060904557
8496.065334782623,24.603728373287357
8496.065334782623,24.603728373287357
8029.157882207977,24.62608721113098
8029.157882207977,24.62608721113098
8029.157882207977,24.62608721113098
8029.157882207977,24.62608721113098
8029.157882207977,24.62608721113098
8029.157882207977,24.62608721113098
8029.157882207977,24.62608721113098
8029.157882207977,24.62608721113098
7721.729532143432,24.58391438110351
7721.729532143432,24.58391438110351
7721.729532143432,24.58391438110351
7864.456863867667,24.71413385145802
7976.980423870483,24.63010889011717
7976.980423870483,24.63010889011717
7455.793950007077,24.562601824565146
7878.208709892305,24.632639887241275
7878.208709892305,24.632639887241275
7878.208709892305,24.632639887241275
7878.208709892305,24.632639887241275
7878.208709892305,24.632639887241275
7878.208709892305,24.632639887241275
7878.208709892305,24.632639887241275
7878.208709892305,24.632639887241275
7878.208709892305,24.632639887241275
7878.208709892305,24.632639887241275
7878.208709892305,24.632639887241275
7640.826801002455,24.5886913083869
7640.826801002455,24.5886913083869
7640.826801002455,24.5886913083869
7640.826801002455,24.5886913083869
7856.769842644867,24.649830654682123
7856.769842644867,24.649830654682123
7856.769842644867,24.649830654682123
7900.2951570906935,24.60740209960049
8167.849682499622,24.71472351167804
8167.849682499622,24.71472351167804
8114.268562734864,24.63724875645483
8114.268562734864,24.63724875645483
8114.268562734864,24.63724875645483
8063.3881754261865,24.674989087617792
8063.3881754261865,24.674989087617792
8063.3881754261865,24.674989087617792
8063.3881754261865,24.674989087617792
8063.3881754261865,24.674989087617792
8063.3881754261865,24.674989087617792
8063.3881754261865,24.674989087617792
8063.3881754261865,24.674989087617792
8063.3881754261865,24.674989087617792
8063.3881754261865,24.674989087617792
8063.3881754261865,24.674989087617792
8063.3881754261865,24.674989087617792
8572.646341161919,24.717574188009433
8572.646341161919,24.717574188009433
8572.646341161919,24.717574188009433
8572.646341161919,24.717574188009433
8572.646341161919,24.717574188009433
8572.646341161919,24.717574188009433
8733.128725180142,24.71664198407563
8507.608861721696,24.65218745424733
8507.608861721696,24.65218745424733
8349.141083239178,24.623818985310812
8256.462958882808,24.503343502752873
8256.462958882808,24.503343502752873
8256.462958882808,24.503343502752873
8256.462958882808,24.503343502752873
8256.462958882808,24.503343502752873
8368.179939554213,24.57445005778086
8368.179939554213,24.57445005778086
8368.179939554213,24.57445005778086
8368.179939554213,24.57445005778086
8368.179939554213,24.57445005778086
8487.050485546508,24.55458888389003
8487.050485546508,24.55458888389003
8306.611800852528,24.575891146745406
8306.611800852528,24.575891146745406
8306.611800852528,24.575891146745406
8306.611800852528,24.575891146745406
8306.611800852528,24.575891146745406
8279.896423781012,24.679474003760962
8279.896423781012,24.679474003760962
8279.896423781012,24.679474003760962
8384.938894530667,24.70211572977795
8384.938894530667,24.70211572977795
8384.938894530667,24.70211572977795
8259.79071562909,24.558845175872584
8259.79071562909,24.558845175872584
8259.79071562909,24.558845175872584
7798.042333587574,24.696171071713042
7798.042333587574,24.696171071713042
7798.042333587574,24.696171071713042
7798.042333587574,24.696171071713042
7798.042333587574,24.696171071713042
7798.042333587574,24.696171071713042
7798.042333587574,24.696171071713042
7715.940585823373,24.536231807987743
7715.940585823373,24.536231807987743
7990.92463532484,24.63658368903005
8312.29444375581,24.604542873291045
8312.29444375581,24.604542873291045
8312.29444375581,24.604542873291045
8312.29444375581,24.604542873291045
8114.2616927983945,24.6825333905412
8075.646403596455,24.59321735312075
8075.646403596455,24.59321735312075
8075.646403596455,24.59321735312075
7694.1814102456065,24.762504469444135
7694.1814102456065,24.762504469444135
7694.1814102456065,24.762504469444135
7694.1814102456065,24.762504469444135
7694.1814102456065,24.762504469444135
7694.1814102456065,24.762504469444135
7915.288240196035,24.6713209857176
7915.288240196035,24.6713209857176
7915.288240196035,24.6713209857176
7915.288240196035,24.6713209857176
7743.528196393291,24.616609979983476
7536.296240742438,24.54454840083783
7121.035143066466,24.657112938229098
7121.035143066466,24.657112938229098
7547.0101902913975,24.630130446049193
7547.0101902913975,24.630130446049193
7547.0101902913975,24.630130446049193
7547.0101902913975,24.630130446049193
7532.866177007412,24.53035650948478
7532.866177007412,24.53035650948478
7532.866177007412,24.53035650948478
7532.866177007412,24.53035650948478
7322.079111328417,24.741115146488553
7322.079111328417,24.741115146488553
6933.92119066879,24.614273411110084
6933.92119066879,24.614273411110084
6766.9579203617495,24.677626291684838
6766.9579203617495,24.677626291684838
6766.9579203617495,24.677626291684838
6766.9579203617495,24.677626291684838
7003.19530023637,24.575145935790374
7003.19530023637,24.575145935790374
7003.19530023637,24.575145935790374
7003.19530023637,24.575145935790374
7003.19530023637,24.575145935790374
7704.090041336505,24.75152746074609
7704.090041336505,24.75152746074609
7927.71439583473,24.619011672931137
7927.71439583473,24.619011672931137
8603.16834309468,24.613437268055858
8603.16834309468,24.613437268055858
8371.693590558585,24.66414478273139
8371.693590558585,24.66414478273139
8616.079939799387,24.591131928958955
8616.079939799387,24.591131928958955
8625.691701097625,24.68016019566057
8845.46511931544,24.58053471352833
8845.46511931544,24.58053471352833
8845.46511931544,24.58053471352833
8845.46511931544,24.58053471352833
8450.958989003868,24.740682943056925
8450.958989003868,24.740682943056925
8283.835145224293,24.612741899779476
8283.835145224293,24.612741899779476
8283.835145224293,24.612741899779476
8283.835145224293,24.612741899779476
8283.835145224293,24.612741899779476
8283.835145224293,24.612741899779476
8306.869039170238,24.524959188993183
8306.869039170238,24.524959188993183
8306.869039170238,24.524959188993183
8714.32934717596,24.746329797637358
8714.32934717596,24.746329797637358
8714.32934717596,24.746329797637358
8714.32934717596,24.746329797637358
8714.32934717596,24.746329797637358
8714.32934717596,24.746329797637358
8714.32934717596,24.746329797637358
8349.401538141346,24.65890828119264
8349.401538141346,24.65890828119264
8349.401538141346,24.65890828119264
8182.101662883677,24.553239984616784
8090.414605308919,24.60900666933819
8090.414605308919,24.60900666933819
7514.1055553433325,24.70625431087244
7650.988615541034,24.67266348082076
7849.214098914299,24.595540656782244
7849.214098914299,24.595540656782244
7849.214098914299,24.595540656782244
7852.962145196993,24.693301146128388
7443.124927557678,24.627925782149838
7443.124927557678,24.627925782149838
7443.124927557678,24.627925782149838
7469.974522292529,24.562337082389185
7914.028172604057,24.52662334790253
7914.028172604057,24.52662334790253
8086.424909421704,24.633180434827732
8291.908107953355,24.667882498629172
8291.908107953355,24.667882498629172
8291.908107953355,24.667882498629172
8291.908107953355,24.667882498629172
8291.908107953355,24.667882498629172
8291.908107953355,24.667882498629172
8291.908107953355,24.667882498629172
8025.4357695766885,24.645521966937185
8025.4357695766885,24.645521966937185
8025.4357695766885,24.645521966937185
8025.4357695766885,24.645521966937185
8025.4357695766885,24.645521966937185
8025.4357695766885,24.645521966937185
8454.112048449279,24.5631128353424
8393.100209383416,24.662356290512363
8393.100209383416,24.662356290512363
8393.100209383416,24.662356290512363
8393.100209383416,24.662356290512363
8393.100209383416,24.662356290512363
8355.102736441992,24.525884140611524
8355.102736441992,24.525884140611524
7979.883037825213,24.751051679298694
8297.236336383232,24.72612361078067
8761.545801039789,24.83810677763949
8821.619029274772,24.5773235726541
8821.619029274772,24.5773235726541
8821.619029274772,24.5773235726541
8416.719816484101,24.667896001639296
8416.719816484101,24.667896001639296
8416.719816484101,24.667896001639296
8321.976551104044,24.595916121592776
7822.723873597591,24.723543247805587
7717.999838569167,24.57343411068956
8173.995514868727,24.578826487299807
8173.995514868727,24.578826487299807
8039.3590809643965,24.68364011702904
8039.3590809643965,24.68364011702904
8039.3590809643965,24.68364011702904
8039.3590809643965,24.68364011702904
8039.3590809643965,24.68364011702904
8039.3590809643965,24.68364011702904
8039.3590809643965,24.68364011702904
8039.3590809643965,24.68364011702904
8039.3590809643965,24.68364011702904
8039.3590809643965,24.68364011702904
8249.777502515517,24.796258075325515
7972.348477397749,24.713865870063362
7972.348477397749,24.713865870063362
7972.348477397749,24.713865870063362
7972.348477397749,24.713865870063362
7972.348477397749,24.713865870063362
8010.753325586151,24.732866129556495
7630.91426670817,24.71826992323148
7630.91426670817,24.71826992323148
7894.120340842399,24.74229383902765
7894.120340842399,24.74229383902765
7512.135791776758,24.47310395919329
7512.135791776758,24.47310395919329
7512.135791776758,24.47310395919329
7798.109616948963,24.435698367621352
7894.313725003155,24.51200403612937
7894.313725003155,24.51200403612937
7894.313725003155,24.51200403612937
7849.3702467799585,24.549793952750047
7839.315913853261,24.609838622535086
8105.719107245717,24.53199662903757
8105.719107245717,24.53199662903757
8149.956001633913,24.603130282308513
7930.421311801322,24.613302866457765
7930.421311801322,24.613302866457765
7930.421311801322,24.613302866457765
8365.437523303232,24.71527587727636
8752.03722008752,24.591517542067344
8752.03722008752,24.591517542067344
8465.951843745128,24.58013200317622
8260.963699912223,24.73572984815669
8260.963699912223,24.73572984815669
8365.050299032526,24.524766561510148
8665.259572229243,24.58272251967798
7936.222013309188,24.48801419093671
7936.222013309188,24.48801419093671
7748.213641833531,24.58767724260892
7748.213641833531,24.58767724260892
7748.213641833531,24.58767724260892
7527.548387605748,24.721789143473277
7527.548387605748,24.721789143473277
7388.64117024332,24.602526901720445
7103.763634204898,24.819533892532597
7142.298564063593,24.79768051701797
7142.298564063593,24.79768051701797
7142.298564063593,24.79768051701797
7142.298564063593,24.79768051701797
7142.298564063593,24.79768051701797
6897.959723409743,24.647047639882068
6897.959723409743,24.647047639882068
6897.959723409743,24.647047639882068
6897.959723409743,24.647047639882068
6897.959723409743,24.647047639882068
6897.959723409743,24.647047639882068
6897.959723409743,24.647047639882068
6897.959723409743,24.647047639882068
6780.927704179956,24.628727034769508
6780.927704179956,24.628727034769508
7342.488777503369,24.81556237579833
7342.488777503369,24.81556237579833
7758.229869336634,24.76329392368851
7564.8095126627495,24.49323340202231
7564.8095126627495,24.49323340202231
7564.8095126627495,24.49323340202231
7163.173498074625,24.755305076768668
7053.174446717187,24.78472704256563
7053.174446717187,24.78472704256563
6791.955255318717,24.739085717537307
6552.459719237669,24.69053107582318
6552.459719237669,24.69053107582318
6622.253187116781,24.643906107424304
6622.253187116781,24.643906107424304
6622.253187116781,24.643906107424304
6622.253187116781,24.643906107424304
6622.253187116781,24.643906107424304
6930.803382987358,24.80464007893789
6930.803382987358,24.80464007893789
6930.803382987358,24.80464007893789
6930.803382987358,24.80464007893789
6930.803382987358,24.80464007893789
6930.803382987358,24.80464007893789
6821.643114572978,24.742938345412245
6821.643114572978,24.742938345412245
6722.145938851833,24.71321409084617
6996.904425690003,24.667848229864486
6996.904425690003,24.667848229864486
6996.904425690003,24.667848229864486
6996.904425690003,24.667848229864486
7297.272873576533,24.692729675012448
7297.272873576533,24.692729675012448
7297.272873576533,24.692729675012448
7297.272873576533,24.692729675012448
7297.272873576533,24.692729675012448
7297.272873576533,24.692729675012448
7297.272873576533,24.692729675012448
7297.272873576533,24.692729675012448
7454.925726214904,24.67354524587438
7454.925726214904,24.67354524587438
7454.925726214904,24.67354524587438
7454.925726214904,24.67354524587438
7454.925726214904,24.67354524587438
7971.811046101673,24.678828540817705
7971.811046101673,24.678828540817705
7971.811046101673,24.678828540817705
7971.811046101673,24.678828540817705
7971.811046101673,24.678828540817705
7971.811046101673,24.678828540817705
8283.479863494365,24.732327564063358
8283.479863494365,24.732327564063358
7951.623278558802,24.647842217646833
7951.623278558802,24.647842217646833
7472.297336419196,24.797583374616746
7423.787592925267,24.78803574807501
7328.902168861568,24.734684569692316
7040.874610846182,24.549896413812473
7040.874610846182,24.549896413812473
7040.874610846182,24.549896413812473
7040.874610846182,24.549896413812473
6988.938554081655,24.68154083915068
6988.938554081655,24.68154083915068
7258.25907206187,24.532085945260345
7258.25907206187,24.532085945260345
7506.263995659612,24.645623419475367
7506.263995659612,24.645623419475367
7316.995497449127,24.54588144978418
7073.060500401256,24.53204857054922
7073.060500401256,24.53204857054922
7073.060500401256,24.53204857054922
7073.060500401256,24.53204857054922
7253.669440333799,24.79512859096116
7253.669440333799,24.79512859096116
7253.669440333799,24.79512859096116
6762.65938925692,24.704776779229736
6762.65938925692,24.704776779229736
6828.299084415441,24.53962074060894
6828.299084415441,24.53962074060894
6828.299084415441,24.53962074060894
6828.299084415441,24.53962074060894
6527.859697060692,24.76342375997114
6527.859697060692,24.76342375997114
6527.859697060692,24.76342375997114
6527.859697060692,24.76342375997114
6527.859697060692,24.76342375997114
6527.859697060692,24.76342375997114
6527.859697060692,24.76342375997114
6527.859697060692,24.76342375997114
6630.224010492827,24.66008829234213
6630.224010492827,24.66008829234213
6630.224010492827,24.66008829234213
6630.224010492827,24.66008829234213
6630.224010492827,24.66008829234213
6630.224010492827,24.66008829234213
6630.224010492827,24.66008829234213
6630.224010492827,24.66008829234213
6630.224010492827,24.66008829234213
6630.224010492827,24.66008829234213
6630.224010492827,24.66008829234213
6630.224010492827,24.66008829234213
6630.224010492827,24.66008829234213
6628.829427090143,24.71428488055095
6628.829427090143,24.71428488055095
6628.829427090143,24.71428488055095
6628.829427090143,24.71428488055095
6657.487974791883,24.705704125028188
6657.487974791883,24.705704125028188
6657.487974791883,24.705704125028188
6657.487974791883,24.705704125028188
6657.487974791883,24.705704125028188
6657.487974791883,24.705704125028188
6657.487974791883,24.705704125028188
6657.487974791883,24.705704125028188
6757.266921778531,24.802797015608935
6544.993544121383,24.70888192176964
6544.993544121383,24.70888192176964
6544.993544121383,24.70888192176964
6544.993544121383,24.70888192176964
6544.993544121383,24.70888192176964
6544.993544121383,24.70888192176964
6544.993544121383,24.70888192176964
6544.993544121383,24.70888192176964
6544.993544121383,24.70888192176964
6544.993544121383,24.70888192176964
6939.558636482705,24.76854119587554
6939.558636482705,24.76854119587554
6939.558636482705,24.76854119587554
6697.683223533902,24.67014438293148
6697.683223533902,24.67014438293148
6909.124845971647,24.604304579236512
6839.719355368496,24.67040681712535
6839.719355368496,24.67040681712535
6701.343733859993,24.722137383470333
6530.064264145668,24.751770571485206
6530.064264145668,24.751770571485206
6530.064264145668,24.751770571485206
6530.064264145668,24.751770571485206
6530.064264145668,24.751770571485206
6530.064264145668,24.751770571485206
6955.741654992696,24.661723683307734
6955.741654992696,24.661723683307734
6955.741654992696,24.661723683307734
7123.6888686220545,24.729276946172394
7123.6888686220545,24.729276946172394
7123.6888686220545,24.729276946172394
7511.898138373396,24.72989032655273
7511.898138373396,24.72989032655273
7114.218771512437,24.584700228929623
7114.218771512437,24.584700228929623
7114.218771512437,24.584700228929623
7114.218771512437,24.584700228929623
7497.828539121659,24.609058117469797
7497.828539121659,24.609058117469797
7497.828539121659,24.609058117469797
7497.828539121659,24.609058117469797
7497.828539121659,24.609058117469797
7497.828539121659,24.609058117469797
7497.828539121659,24.609058117469797
7497.828539121659,24.609058117469797
7497.828539121659,24.609058117469797
7643.906482413288,24.580402960681848
7318.377040086163,24.62691962857274
7318.377040086163,24.62691962857274
7318.377040086163,24.62691962857274
7318.377040086163,24.62691962857274
7529.477919079471,24.549221151679635
7529.477919079471,24.549221151679635
7124.758192402965,24.780611188815975
7124.758192402965,24.780611188815975
7124.758192402965,24.780611188815975
7124.758192402965,24.780611188815975
7124.758192402965,24.780611188815975
7124.758192402965,24.780611188815975
7124.758192402965,24.780611188815975
7124.758192402965,24.780611188815975
7124.758192402965,24.780611188815975
6671.8323847568845,24.75421995405312
6671.8323847568845,24.75421995405312
6671.8323847568845,24.75421995405312
6671.8323847568845,24.75421995405312
6671.8323847568845,24.75421995405312
6671.8323847568845,24.75421995405312
6671.8323847568845,24.75421995405312
6749.465981714235,24.70747198082011
6749.465981714235,24.70747198082011
6749.465981714235,24.70747198082011
6642.407967499838,24.80640547762369
6642.407967499838,24.80640547762369
6642.407967499838,24.80640547762369
6608.9830582157865,24.61777954663593
6608.9830582157865,24.61777954663593
6608.9830582157865,24.61777954663593
6608.9830582157865,24.61777954663593
6608.9830582157865,24.61777954663593
6608.9830582157865,24.61777954663593
6958.005066791036,24.59371369491601
6958.005066791036,24.59371369491601
6958.005066791036,24.59371369491601
6958.005066791036,24.59371369491601
6958.005066791036,24.59371369491601
6958.005066791036,24.59371369491601
6968.615664072307,24.52077851107501
6614.7416779082505,24.731867330245027
6614.7416779082505,24.731867330245027
6707.198949356603,24.778518852384252
6850.875676260765,24.55656696785628
6790.477870759363,24.57734250780754
6596.197168534206,24.67985384064684
6596.197168534206,24.67985384064684
6596.197168534206,24.67985384064684
6846.564959870384,24.568879161041927
6846.564959870384,24.568879161041927
6379.4936493547275,24.757196736798615
6379.4936493547275,24.757196736798615
6379.4936493547275,24.757196736798615
6388.836059520095,24.66603711930535
6388.836059520095,24.66603711930535
6508.865689419544,24.642204015869588
6508.865689419544,24.642204015869588
7052.156021830667,24.57652434060133
7052.156021830667,24.57652434060133
7052.156021830667,24.57652434060133
7052.156021830667,24.57652434060133
7052.156021830667,24.57652434060133
7052.156021830667,24.57652434060133
7052.156021830667,24.57652434060133
7368.226714870113,24.652461462420664
7368.226714870113,24.652461462420664
7052.661709872037,24.669513117300824
7335.441582538352,24.712776147028798
7568.564650729313,24.63639460451794
7568.564650729313,24.63639460451794
7568.564650729313,24.63639460451794
7568.564650729313,24.63639460451794
7568.564650729313,24.63639460451794
7568.564650729313,24.63639460451794
7568.564650729313,24.63639460451794
7568.564650729313,24.63639460451794
7568.564650729313,24.63639460451794
7568.564650729313,24.63639460451794
7568.564650729313,24.63639460451794
7568.564650729313,24.63639460451794
7568.564650729313,24.63639460451794
7522.554630279081,24.69191576117141
7522.554630279081,24.69191576117141
7522.554630279081,24.69191576117141
8295.951945863884,24.62678426927573
8295.951945863884,24.62678426927573
8523.149348841836,24.615662693669037
8523.149348841836,24.615662693669037
8523.149348841836,24.615662693669037
8523.149348841836,24.615662693669037
8523.149348841836,24.615662693669037
8518.27623559926,24.609302865755083
8518.27623559926,24.609302865755083
8518.27623559926,24.609302865755083
8518.27623559926,24.609302865755083
8518.27623559926,24.609302865755083
8169.072526510702,24.5607010381907
8169.072526510702,24.5607010381907
8269.986143999875,24.560518064149882
8269.986143999875,24.560518064149882
8269.986143999875,24.560518064149882
8464.056013832367,24.614764671293667
8464.056013832367,24.614764671293667
8464.056013832367,24.614764671293667
8464.056013832367,24.614764671293667
8119.827208638821,24.70872503906951
8204.600937842299,24.596799343284747
8204.600937842299,24.596799343284747
8204.600937842299,24.596799343284747
8600.96480984203,24.716579534001188
8582.610154670027,24.70364447678356
8582.610154670027,24.70364447678356
8582.610154670027,24.70364447678356
8582.610154670027,24.70364447678356
8582.610154670027,24.70364447678356
8582.610154670027,24.70364447678356
8582.610154670027,24.70364447678356
8582.610154670027,24.70364447678356
8746.017522118831,24.679187865024932
8838.675334139509,24.774936250771162
8711.388169373613,24.7832208301893
8008.767195327506,24.75829983132188
8008.767195327506,24.75829983132188
8574.845280313835,24.671147345722638
8175.004415425641,24.521683014557084
8874.063542463047,24.635044718054296
8874.063542463047,24.635044718054296
8874.063542463047,24.635044718054296
8874.063542463047,24.635044718054296
8874.063542463047,24.635044718054296
8874.063542463047,24.635044718054296
8874.063542463047,24.635044718054296
8874.063542463047,24.635044718054296
8874.063542463047,24.635044718054296
8874.063542463047,24.635044718054296
8874.063542463047,24.635044718054296
8874.063542463047,24.635044718054296
8578.722208370593,24.510704335509942
8578.722208370593,24.510704335509942
8926.819869537605,24.619064406658374
8926.819869537605,24.619064406658374
8926.819869537605,24.619064406658374
8926.819869537605,24.619064406658374
8672.676043347645,24.8077662485694
8966.030263488366,24.567975560122793
8966.030263488366,24.567975560122793
8966.030263488366,24.567975560122793
8966.030263488366,24.567975560122793
9135.849685816864,24.617759515716607
9527.00918190982,24.579431940006106
9527.00918190982,24.579431940006106
9527.00918190982,24.579431940006106
9527.00918190982,24.579431940006106
9527.00918190982,24.579431940006106
9527.00918190982,24.579431940006106
9527.00918190982,24.579431940006106
9527.00918190982,24.579431940006106
9527.00918190982,24.579431940006106
9587.087711170752,24.66094338764832
9587.087711170752,24.66094338764832
9587.087711170752,24.66094338764832
9191.382156708385,24.586293914065017
9191.382156708385,24.586293914065017
9191.382156708385,24.586293914065017
9191.382156708385,24.586293914065017
9191.382156708385,24.586293914065017
9191.382156708385,24.586293914065017
9036.217454236585,24.392344056621113
9036.217454236585,24.392344056621113
9036.217454236585,24.392344056621113
9522.747028730595,24.631168075579982
9095.740957162803,24.61784301314686
9095.740957162803,24.61784301314686
9095.740957162803,24.61784301314686
9095.740957162803,24.61784301314686
9394.387009780063,24.794778815801017
9394.387009780063,24.794778815801017
9036.382129831609,24.658913261899706
8736.473745120382,24.73875783165302
8439.485514413345,24.480075244992317
8241.455065772116,24.604025269555304
8241.455065772116,24.604025269555304
8241.455065772116,24.604025269555304
8241.455065772116,24.604025269555304
8241.455065772116,24.604025269555304
8241.455065772116,24.604025269555304
8241.455065772116,24.604025269555304
8241.455065772116,24.604025269555304
8241.455065772116,24.604025269555304
8061.898687529409,24.59038246823769
8061.898687529409,24.59038246823769
8061.898687529409,24.59038246823769
8061.898687529409,24.59038246823769
8061.898687529409,24.59038246823769
8050.787827804951,24.716142453836
8050.787827804951,24.716142453836
8372.358821046473,24.69633369836309
8372.358821046473,24.69633369836309
8372.358821046473,24.69633369836309
8372.358821046473,24.69633369836309
8372.358821046473,24.69633369836309
8589.789421455078,24.605616265049527
8589.789421455078,24.605616265049527
8589.789421455078,24.605616265049527
8589.789421455078,24.605616265049527
8588.323794290549,24.685322406880484
8862.327673786987,24.484673028982318
8862.327673786987,24.484673028982318
8784.659504230656,24.62795876657025
8784.659504230656,24.62795876657025
8784.659504230656,24.62795876657025
8784.659504230656,24.62795876657025
8625.86749153126,24.601886925495464
8625.86749153126,24.601886925495464
8625.86749153126,24.601886925495464
8625.86749153126,24.601886925495464
8625.86749153126,24.601886925495464
8625.86749153126,24.601886925495464
8625.86749153126,24.601886925495464
8535.390512187843,24.67119938572994
8535.390512187843,24.67119938572994
8535.390512187843,24.67119938572994
8535.390512187843,24.67119938572994
8535.390512187843,24.67119938572994
8535.390512187843,24.67119938572994
8535.390512187843,24.67119938572994
8535.390512187843,24.67119938572994
8535.390512187843,24.67119938572994
8535.390512187843,24.67119938572994
8535.390512187843,24.67119938572994
8535.390512187843,24.67119938572994
8722.727652002735,24.658675083900015
8722.727652002735,24.658675083900015
8722.727652002735,24.658675083900015
8810.790611289753,24.59881165417479
8810.790611289753,24.59881165417479
8810.790611289753,24.59881165417479
8677.684393391412,24.568160695578264
8818.601106206519,24.67367422187974
8818.601106206519,24.67367422187974
8571.96457922833,24.60146912372264
8571.96457922833,24.60146912372264
8571.96457922833,24.60146912372264
8516.94062825705,24.67326577240126
8516.94062825705,24.67326577240126
8516.94062825705,24.67326577240126
8516.94062825705,24.67326577240126
8516.94062825705,24.67326577240126
8516.94062825705,24.67326577240126
8516.94062825705,24.67326577240126
8516.94062825705,24.67326577240126
8532.823667721479,24.678763069353295
8532.823667721479,24.678763069353295
8726.652394281276,24.49498499034491
8726.652394281276,24.49498499034491
8726.652394281276,24.49498499034491
8726.652394281276,24.49498499034491
8726.652394281276,24.49498499034491
8403.32764219467,24.590544712912564
8403.32764219467,24.590544712912564
8403.32764219467,24.590544712912564
8403.32764219467,24.590544712912564
8403.32764219467,24.590544712912564
8403.32764219467,24.590544712912564
8403.32764219467,24.590544712912564
8747.364398284648,24.5346310405471
8747.364398284648,24.5346310405471
8747.364398284648,24.5346310405471
8747.364398284648,24.5346310405471
8685.232143398434,24.514238189824145
8685.232143398434,24.514238189824145
8685.232143398434,24.514238189824145
8685.232143398434,24.514238189824145
8685.232143398434,24.514238189824145
8685.232143398434,24.514238189824145
8685.232143398434,24.514238189824145
8685.232143398434,24.514238189824145
8685.232143398434,24.514238189824145
8685.232143398434,24.514238189824145
8685.232143398434,24.514238189824145
8685.232143398434,24.514238189824145
8685.232143398434,24.514238189824145
8685.232143398434,24.514238189824145
8685.232143398434,24.514238189824145
8813.36853291486,24.577430930075447
8813.36853291486,24.577430930075447
8813.36853291486,24.577430930075447
8813.36853291486,24.577430930075447
8813.36853291486,24.577430930075447
8813.36853291486,24.577430930075447
8813.36853291486,24.577430930075447
8813.36853291486,24.577430930075447
8813.36853291486,24.577430930075447
8587.861355806623,24.549543010483443
8137.019838777606,24.60313033728248
8137.019838777606,24.60313033728248
8137.019838777606,24.60313033728248
8137.019838777606,24.60313033728248
8137.019838777606,24.60313033728248
8137.019838777606,24.60313033728248
7694.645535723098,24.53755120805611
7694.645535723098,24.53755120805611
7694.645535723098,24.53755120805611
7694.645535723098,24.53755120805611
7694.645535723098,24.53755120805611
7694.645535723098,24.53755120805611
7694.645535723098,24.53755120805611
7694.645535723098,24.53755120805611
7694.645535723098,24.53755120805611
7578.960870222179,24.502267402990256
7112.993500345329,24.708313050541953
7112.993500345329,24.708313050541953
7112.993500345329,24.708313050541953
7112.993500345329,24.708313050541953
7405.332579334762,24.761581441859107
7629.041531792018,24.73916055062343
7629.041531792018,24.73916055062343
7629.041531792018,24.73916055062343
7629.041531792018,24.73916055062343
7280.413090617692,24.698051668166933
7280.413090617692,24.698051668166933
7280.413090617692,24.698051668166933
7280.413090617692,24.698051668166933
7280.413090617692,24.698051668166933
7312.186431021722,24.564721553849676
7312.186431021722,24.564721553849676
7312.186431021722,24.564721553849676
7312.186431021722,24.564721553849676
7631.858837594848,24.678395534635914
7997.967855502221,24.577411950597632
7894.513155503913,24.652585445784684
7894.513155503913,24.652585445784684
7669.854014386366,24.539687600058702
7669.854014386366,24.539687600058702
7669.854014386366,24.539687600058702
7669.854014386366,24.539687600058702
7556.872034699325,24.589420799507984
7556.872034699325,24.589420799507984
7485.354208473478,24.60946503437725
7804.4365334113345,24.60560465416334
7623.6919823278395,24.623167468460803
7623.6919823278395,24.623167468460803
7623.6919823278395,24.623167468460803
7387.625790995947,24.710600985037807
7580.223016963805,24.684462340665473
7681.028579079449,24.59496511570144
7681.028579079449,24.59496511570144
7681.028579079449,24.59496511570144
7681.028579079449,24.59496511570144
7681.028579079449,24.59496511570144
7681.028579079449,24.59496511570144
7681.028579079449,24.59496511570144
7681.028579079449,24.59496511570144
7681.028579079449,24.59496511570144
7681.028579079449,24.59496511570144
7681.028579079449,24.59496511570144
7681.028579079449,24.59496511570144
7681.028579079449,24.59496511570144
7681.028579079449,24.59496511570144
7681.028579079449,24.59496511570144
7681.028579079449,24.59496511570144
7681.028579079449,24.59496511570144
7681.028579079449,24.59496511570144
7681.028579079449,24.59496511570144
7681.028579079449,24.59496511570144
7681.028579079449,24.59496511570144
7681.028579079449,24.59496511570144
7442.77418569546,24.544528812958845
7680.641849087269,24.662873547031335
7680.641849087269,24.662873547031335
7920.301828656091,24.673821488693235
7920.301828656091,24.673821488693235
7920.301828656091,24.673821488693235
7920.301828656091,24.673821488693235
7820.868274964252,24.73116153318938
7688.563853432949,24.74923516031852
7688.563853432949,24.74923516031852
7688.563853432949,24.74923516031852
7688.563853432949,24.74923516031852
7464.656274641499,24.563832319887442
7464.656274641499,24.563832319887442
7464.656274641499,24.563832319887442
7464.656274641499,24.563832319887442
7464.656274641499,24.563832319887442
7464.656274641499,24.563832319887442
7464.656274641499,24.563832319887442
7464.656274641499,24.563832319887442
7422.542871271429,24.536647222701138
7422.542871271429,24.536647222701138
7458.08312463005,24.502846543519542
7052.423435014302,24.628900061492704
7052.423435014302,24.628900061492704
7052.423435014302,24.628900061492704
7144.367562148642,24.56243498756572
7144.367562148642,24.56243498756572
7125.458599087811,24.751151823399965
6624.640457620798,24.65411804605215
6624.640457620798,24.65411804605215
6624.640457620798,24.65411804605215
6624.640457620798,24.65411804605215
6624.640457620798,24.65411804605215
6624.640457620798,24.65411804605215
6636.217315562805,24.59616716815453
6636.217315562805,24.59616716815453
6497.524732411527,24.78787773559299
6497.524732411527,24.78787773559299
6497.524732411527,24.78787773559299
6497.524732411527,24.78787773559299
6497.524732411527,24.78787773559299
6497.524732411527,24.78787773559299
6497.524732411527,24.78787773559299
6497.524732411527,24.78787773559299
6497.524732411527,24.78787773559299
6497.524732411527,24.78787773559299
6497.524732411527,24.78787773559299
6497.524732411527,24.78787773559299
6804.269521539207,24.67757051849081
6804.269521539207,24.67757051849081
7188.12509537588,24.718956662814453
7188.12509537588,24.718956662814453
7188.12509537588,24.718956662814453
7286.15363293749,24.782314106506007
7537.189009057503,24.807446102804917
7537.189009057503,24.807446102804917
7537.189009057503,24.807446102804917
7818.947350730234,24.441109699142345
7755.671024032781,24.45707433435904
7755.671024032781,24.45707433435904
7755.671024032781,24.45707433435904
7755.671024032781,24.45707433435904
7755.671024032781,24.45707433435904
8013.229768527981,24.62506275333797
8013.229768527981,24.62506275333797
7888.355207943877,24.541744951778156
7888.355207943877,24.541744951778156
7736.971828987996,24.530715949554985
7736.971828987996,24.530715949554985
7977.995223992039,24.556202882548085
7906.081640384652,24.438270590030466
7831.387961316565,24.639329280658313
7831.387961316565,24.639329280658313
7831.387961316565,24.639329280658313
7831.387961316565,24.639329280658313
7831.387961316565,24.639329280658313
7831.387961316565,24.639329280658313
7831.387961316565,24.639329280658313
7831.387961316565,24.639329280658313
7831.387961316565,24.639329280658313
7831.387961316565,24.639329280658313
7668.619271456356,24.6074225115383
7668.619271456356,24.6074225115383
7668.619271456356,24.6074225115383
7668.619271456356,24.6074225115383
7651.983671062457,24.587639797552576
7737.734019497504,24.642064865457698
7737.734019497504,24.642064865457698
7595.917711804002,24.633724663883235
7595.917711804002,24.633724663883235
7595.917711804002,24.633724663883235
7595.917711804002,24.633724663883235
7568.700339913263,24.66847826277426
7694.767140063522,24.699234820226167
7694.767140063522,24.699234820226167
7694.767140063522,24.699234820226167
7694.767140063522,24.699234820226167
7694.767140063522,24.699234820226167
7694.767140063522,24.699234820226167
7694.767140063522,24.699234820226167
7694.767140063522,24.699234820226167
7694.767140063522,24.699234820226167
7694.767140063522,24.699234820226167
7677.388228555439,24.652072410026136
7199.13214288683,24.675599701435292
7199.13214288683,24.675599701435292
7199.13214288683,24.675599701435292
7199.13214288683,24.675599701435292
7530.101165787192,24.831998219181255
7530.101165787192,24.831998219181255
7808.154494022486,24.859553458139953
7808.154494022486,24.859553458139953
7808.154494022486,24.859553458139953
7808.154494022486,24.859553458139953
7808.154494022486,24.859553458139953
7808.154494022486,24.859553458139953
7472.788007674966,24.669492986619215
7472.788007674966,24.669492986619215
7472.788007674966,24.669492986619215
7472.788007674966,24.669492986619215
7472.788007674966,24.669492986619215
7472.788007674966,24.669492986619215
7472.788007674966,24.669492986619215
7254.066141612876,24.6328737057196
7254.066141612876,24.6328737057196
7254.066141612876,24.6328737057196
7254.066141612876,24.6328737057196
7254.066141612876,24.6328737057196
7254.066141612876,24.6328737057196
7254.066141612876,24.6328737057196
7254.066141612876,24.6328737057196
7254.066141612876,24.6328737057196
7312.454603791548,24.61781648959148
7312.454603791548,24.61781648959148
7312.454603791548,24.61781648959148
7312.454603791548,24.61781648959148
7312.454603791548,24.61781648959148
7312.454603791548,24.61781648959148
7390.189237801984,24.65599658729111
7472.283830993375,24.569582987137274
7472.283830993375,24.569582987137274
7472.283830993375,24.569582987137274
7472.283830993375,24.569582987137274
7472.283830993375,24.569582987137274
7386.891979259377,24.67049619513874
7379.5767236297825,24.70943926666606
7379.5767236297825,24.70943926666606
7379.5767236297825,24.70943926666606
7538.9969927660895,24.700287399268376
7538.9969927660895,24.700287399268376
7538.9969927660895,24.700287399268376
7586.200534156,24.768641482307522
7586.200534156,24.768641482307522
7586.200534156,24.768641482307522
7251.990088857383,24.661005277955155
7251.990088857383,24.661005277955155
7049.026392729863,24.731149062140087
7049.026392729863,24.731149062140087
7238.366256595535,24.654209640966926
7238.366256595535,24.654209640966926
7238.366256595535,24.654209640966926
7238.366256595535,24.654209640966926
7238.366256595535,24.654209640966926
7238.366256595535,24.654209640966926
7238.366256595535,24.654209640966926
7238.366256595535,24.654209640966926
7238.366256595535,24.654209640966926
7238.366256595535,24.654209640966926
7829.73158393909,24.650134924444533
7829.73158393909,24.650134924444533
7829.73158393909,24.650134924444533
7829.73158393909,24.650134924444533
7829.73158393909,24.650134924444533
7829.73158393909,24.650134924444533
7849.052611987447,24.636625163628324
8253.441911359174,24.647173497384777
8071.532859176947,24.77114902888908
8071.532859176947,24.77114902888908
8071.532859176947,24.77114902888908
8071.532859176947,24.77114902888908
7765.764412915892,24.58076453540073
7765.764412915892,24.58076453540073
7601.126732571475,24.69420508113986
7601.126732571475,24.69420508113986
7601.126732571475,24.69420508113986
7601.126732571475,24.69420508113986
7822.468427287793,24.665861017800612
7822.468427287793,24.665861017800612
7981.986542781157,24.587264632895565
7981.986542781157,24.587264632895565
7981.986542781157,24.587264632895565
7981.986542781157,24.587264632895565
8068.773070431327,24.61668242984778
7468.232824450419,24.597736830614434
7468.232824450419,24.597736830614434
7468.232824450419,24.597736830614434
7468.232824450419,24.597736830614434
7468.232824450419,24.597736830614434
7468.232824450419,24.597736830614434
7580.668105413328,24.61830959238844
7580.668105413328,24.61830959238844
7580.668105413328,24.61830959238844
7580.668105413328,24.61830959238844
7580.668105413328,24.61830959238844
7766.06921255218,24.743554483436732
7954.339525635439,24.551878644829394
7954.339525635439,24.551878644829394
7954.339525635439,24.551878644829394
8122.039595904216,24.557563231318532
8122.039595904216,24.557563231318532
8024.7723615155355,24.708211812492177
8024.7723615155355,24.708211812492177
7836.044879792864,24.772222326016088
7836.044879792864,24.772222326016088
7836.044879792864,24.772222326016088
7614.1140742528905,24.59068957746137
7614.1140742528905,24.59068957746137
7870.334513918181,24.626443818141823
7630.499194319941,24.66258858010907
7630.499194319941,24.66258858010907
7630.499194319941,24.66258858010907
7630.499194319941,24.66258858010907
7630.499194319941,24.66258858010907
7340.850502296146,24.664453592404918
7340.850502296146,24.664453592404918
7427.051386808884,24.55702892463981
7427.051386808884,24.55702892463981
7427.051386808884,24.55702892463981
7427.051386808884,24.55702892463981
7427.051386808884,24.55702892463981
7427.051386808884,24.55702892463981
7427.051386808884,24.55702892463981
7427.051386808884,24.55702892463981
7412.281781048262,24.766876245101447
7412.281781048262,24.766876245101447
7412.281781048262,24.766876245101447
7412.281781048262,24.766876245101447
7630.684667539929,24.75103497291926
7630.684667539929,24.75103497291926
7630.684667539929,24.75103497291926
7630.684667539929,24.75103497291926
7797.570693307772,24.65290754025216
7797.570693307772,24.65290754025216
7980.591303483571,24.60066577271446
7980.591303483571,24.60066577271446
7678.329174546898,24.785106981178554
7935.770575171817,24.513419635783087
7670.49501958711,24.69765321198561
7670.49501958711,24.69765321198561
7670.49501958711,24.69765321198561
7670.49501958711,24.69765321198561
7670.49501958711,24.69765321198561
7670.49501958711,24.69765321198561
7670.49501958711,24.69765321198561
7670.49501958711,24.69765321198561
7670.49501958711,24.69765321198561
7670.49501958711,24.69765321198561
7670.49501958711,24.69765321198561
7670.49501958711,24.69765321198561
7271.455758868777,24.726556372614485
7271.455758868777,24.726556372614485
7271.455758868777,24.726556372614485
7271.455758868777,24.726556372614485
7271.455758868777,24.726556372614485
7271.455758868777,24.726556372614485
7271.455758868777,24.726556372614485
7791.791224033294,24.554238880235328
7791.791224033294,24.554238880235328
7791.791224033294,24.554238880235328
7520.393089410251,24.734333709558516
7520.393089410251,24.734333709558516
7520.393089410251,24.734333709558516
6952.150495137464,24.61212762380815
6952.150495137464,24.61212762380815
6952.150495137464,24.61212762380815
6952.150495137464,24.61212762380815
6952.150495137464,24.61212762380815
6952.150495137464,24.61212762380815
6952.150495137464,24.61212762380815
6952.150495137464,24.61212762380815
6952.150495137464,24.61212762380815
6952.150495137464,24.61212762380815
6952.150495137464,24.61212762380815
6952.150495137464,24.61212762380815
6952.150495137464,24.61212762380815
6952.150495137464,24.61212762380815
6952.150495137464,24.61212762380815
6952.150495137464,24.61212762380815
6952.150495137464,24.61212762380815
6952.150495137464,24.61212762380815
6952.150495137464,24.61212762380815
6952.150495137464,24.61212762380815
6952.150495137464,24.61212762380815
6952.150495137464,24.61212762380815
6952.150495137464,24.61212762380815
6952.150495137464,24.61212762380815
7172.349645555288,24.704856006403535
7172.349645555288,24.704856006403535
7172.349645555288,24.704856006403535
7172.349645555288,24.704856006403535
7172.349645555288,24.704856006403535
7172.349645555288,24.704856006403535
7172.349645555288,24.704856006403535
7274.774613005096,24.64909988569605
7274.774613005096,24.64909988569605
7120.125803099681,24.72335408053557
7120.125803099681,24.72335408053557
7120.125803099681,24.72335408053557
7120.125803099681,24.72335408053557
7120.125803099681,24.72335408053557
7120.125803099681,24.72335408053557
7120.125803099681,24.72335408053557
7120.125803099681,24.72335408053557
7302.788876947305,24.651063678691713
7259.839460383087,24.709046474882125
7259.839460383087,24.709046474882125
7259.839460383087,24.709046474882125
7350.750756260567,24.878715394000174
8178.012272759808,24.84802021303964
7911.106858965017,24.636253387784983
7911.106858965017,24.636253387784983
7911.106858965017,24.636253387784983
7911.106858965017,24.636253387784983
7332.997668359186,24.72240156886054
7332.997668359186,24.72240156886054
7332.997668359186,24.72240156886054
7332.997668359186,24.72240156886054
7332.997668359186,24.72240156886054
7332.997668359186,24.72240156886054
7488.206977147925,24.731957989358737
7488.206977147925,24.731957989358737
7392.611509545092,24.57960683343222
7392.611509545092,24.57960683343222
7392.611509545092,24.57960683343222
8062.708478329493,24.49231233579735
8370.054245970967,24.622783967085805
8370.054245970967,24.622783967085805
8370.054245970967,24.622783967085805
8370.054245970967,24.622783967085805
8370.054245970967,24.622783967085805
8370.054245970967,24.622783967085805
8370.054245970967,24.622783967085805
8370.054245970967,24.622783967085805
8370.054245970967,24.622783967085805
8370.054245970967,24.622783967085805
7544.003897088518,24.566063068336014
7826.111749235003,24.559319069494194
7953.418704685038,24.472419953671142
7953.418704685038,24.472419953671142
7484.0540727286125,24.789655766398145
7484.0540727286125,24.789655766398145
7484.0540727286125,24.789655766398145
7484.0540727286125,24.789655766398145
7304.775662002815,24.62785744839708
7770.058708024903,24.57795265359312
7770.863078706871,24.737362523854188
7770.863078706871,24.737362523854188
7770.863078706871,24.737362523854188
7318.56461128222,24.622213411396466
7318.56461128222,24.622213411396466
7427.4946619076145,24.69875199498924
7427.4946619076145,24.69875199498924
7427.4946619076145,24.69875199498924
7427.4946619076145,24.69875199498924
7427.4946619076145,24.69875199498924
7427.4946619076145,24.69875199498924
7646.38763954264,24.587674161911433
7646.38763954264,24.587674161911433
7646.38763954264,24.587674161911433
7619.627155821932,24.65891322626231
7619.627155821932,24.65891322626231
7735.688755224845,24.68809742836177
7735.688755224845,24.68809742836177
7735.688755224845,24.68809742836177
7735.688755224845,24.68809742836177
7735.688755224845,24.68809742836177
7599.948696995227,24.715642161717398
7381.449489608674,24.783143266699597
7152.537398058722,24.66013176450609
7152.537398058722,24.66013176450609
7756.254255360702,24.600564693630556
7756.254255360702,24.600564693630556
7756.254255360702,24.600564693630556
7347.821532714437,24.653900134846797
7347.821532714437,24.653900134846797
7347.821532714437,24.653900134846797
7347.821532714437,24.653900134846797
7347.821532714437,24.653900134846797
7347.821532714437,24.653900134846797
7347.821532714437,24.653900134846797
7494.791768482238,24.526294230207593
7494.791768482238,24.526294230207593
7494.791768482238,24.526294230207593
7098.650708843333,24.805217391960014
6874.148199063195,24.62722360453275
6935.669203183661,24.55802886993713
6935.669203183661,24.55802886993713
6935.065903380823,24.71112915415244
6935.065903380823,24.71112915415244
6935.065903380823,24.71112915415244
7119.530572251531,24.735756454036416
7119.530572251531,24.735756454036416
7119.530572251531,24.735756454036416
6717.014415824819,24.59152048875305
6461.739274072949,24.655337053405084
6238.130536625223,24.81388050710664
6238.130536625223,24.81388050710664
6238.130536625223,24.81388050710664
6238.130536625223,24.81388050710664
6238.130536625223,24.81388050710664
6238.130536625223,24.81388050710664
6238.130536625223,24.81388050710664
6238.130536625223,24.81388050710664
6599.408741806753,24.61400340115825
6599.408741806753,24.61400340115825
6599.408741806753,24.61400340115825
7042.331674192654,24.814949532653404
7119.898930050577,24.498729828788143
7100.328636782308,24.744026246697246
7100.328636782308,24.744026246697246
7100.328636782308,24.744026246697246
7100.328636782308,24.744026246697246
7100.328636782308,24.744026246697246
7100.328636782308,24.744026246697246
7100.328636782308,24.744026246697246
7100.328636782308,24.744026246697246
7100.328636782308,24.744026246697246
6887.513131701585,24.674082439075146
6887.513131701585,24.674082439075146
6887.513131701585,24.674082439075146
6887.513131701585,24.674082439075146
6887.513131701585,24.674082439075146
6887.513131701585,24.674082439075146
6887.513131701585,24.674082439075146
6887.513131701585,24.674082439075146
6887.513131701585,24.674082439075146
6892.741002669277,24.7519961943717
6892.741002669277,24.7519961943717
6892.741002669277,24.7519961943717
6989.761950911581,24.572181034946684
6989.761950911581,24.572181034946684
6989.761950911581,24.572181034946684
6989.761950911581,24.572181034946684
6989.761950911581,24.572181034946684
6989.761950911581,24.572181034946684
6989.761950911581,24.572181034946684
6989.761950911581,24.572181034946684
6989.761950911581,24.572181034946684
6989.761950911581,24.572181034946684
7177.358352764684,24.63279562655639
7177.358352764684,24.63279562655639
7534.240567476963,24.511639807622622
8217.281091671093,24.643189110697833
8217.281091671093,24.643189110697833
8217.281091671093,24.643189110697833
8174.064078809736,24.718988354405212
8093.8619288119735,24.68435035537692
8093.8619288119735,24.68435035537692
8093.8619288119735,24.68435035537692
8093.8619288119735,24.68435035537692
8093.8619288119735,24.68435035537692
7698.985346606335,24.705832829296725
7803.613764071655,24.62672904217256
7851.931394420188,24.61712905285371
7851.931394420188,24.61712905285371
7851.931394420188,24.61712905285371
7851.931394420188,24.61712905285371
7851.931394420188,24.61712905285371
7851.931394420188,24.61712905285371
7851.931394420188,24.61712905285371
7898.153198891082,24.675261894979126
7898.153198891082,24.675261894979126
7898.153198891082,24.675261894979126
7898.153198891082,24.675261894979126
7898.153198891082,24.675261894979126
7898.153198891082,24.675261894979126
7898.153198891082,24.675261894979126
7898.153198891082,24.675261894979126
7898.153198891082,24.675261894979126
7898.153198891082,24.675261894979126
7898.153198891082,24.675261894979126
8353.301392747979,24.698035234776533
8353.301392747979,24.698035234776533
8353.301392747979,24.698035234776533
8277.003428458822,24.66846493716117
8277.003428458822,24.66846493716117
8277.003428458822,24.66846493716117
7941.89077011168,24.63448644603283
7900.836186086539,24.716580310700078
7900.836186086539,24.716580310700078
7900.836186086539,24.716580310700078
7744.731245747979,24.538156503434024
7744.731245747979,24.538156503434024
7742.226687995287,24.744532684202117
7742.226687995287,24.744532684202117
8153.262064370993,24.727170740754417
8153.262064370993,24.727170740754417
8153.262064370993,24.727170740754417
8303.997902548124,24.55455965269773
8303.997902548124,24.55455965269773
8303.997902548124,24.55455965269773
8303.997902548124,24.55455965269773
8303.997902548124,24.55455965269773
7962.253397426975,24.49320098529017
7607.57086578986,24.578128516072002
7607.57086578986,24.578128516072002
7607.57086578986,24.578128516072002
7836.784034966686,24.757618022006053
8040.816016867967,24.730046333323298
8040.816016867967,24.730046333323298
8040.816016867967,24.730046333323298
8040.816016867967,24.730046333323298
8040.816016867967,24.730046333323298
8040.816016867967,24.730046333323298
8040.816016867967,24.730046333323298
8476.741253441318,24.728319385358606
8476.741253441318,24.728319385358606
8651.719739711612,24.696801613536
8651.719739711612,24.696801613536
8651.719739711612,24.696801613536
8651.719739711612,24.696801613536
8979.383202355208,24.697965081831274
8979.383202355208,24.697965081831274
8979.383202355208,24.697965081831274
8979.383202355208,24.697965081831274
8979.383202355208,24.697965081831274
8541.98773751011,24.702752566386174
8190.709710625859,24.759316282263516
8190.709710625859,24.759316282263516
8190.709710625859,24.759316282263516
8701.888829761416,24.650000162607455
8596.993867159017,24.563222032301322
8596.993867159017,24.563222032301322
8596.993867159017,24.563222032301322
8596.993867159017,24.563222032301322
8596.993867159017,24.563222032301322
8596.993867159017,24.563222032301322
8596.993867159017,24.563222032301322
8596.993867159017,24.563222032301322
8596.993867159017,24.563222032301322
8625.13063341253,24.62279188930029
8625.13063341253,24.62279188930029
8625.13063341253,24.62279188930029
8625.13063341253,24.62279188930029
8625.13063341253,24.62279188930029
8625.13063341253,24.62279188930029
8625.13063341253,24.62279188930029
8625.13063341253,24.62279188930029
8625.13063341253,24.62279188930029
8625.13063341253,24.62279188930029
8768.911800246138,24.598554285700185
8733.339607310274,24.706820175139725
8733.339607310274,24.706820175139725
8376.142093607214,24.66759361828194
8376.142093607214,24.66759361828194
8376.142093607214,24.66759361828194
8460.745162615482,24.72129669654018
8460.745162615482,24.72129669654018
8460.745162615482,24.72129669654018
8460.745162615482,24.72129669654018
8460.745162615482,24.72129669654018
8679.180401900354,24.669872181047847
8932.650778884497,24.539445432714047
8932.650778884497,24.539445432714047
8932.650778884497,24.539445432714047
8932.650778884497,24.539445432714047
8932.650778884497,24.539445432714047
8932.650778884497,24.539445432714047
8932.650778884497,24.539445432714047
8728.43114124659,24.659263833748323
8650.200950211743,24.73403221524792
8650.200950211743,24.73403221524792
8650.200950211743,24.73403221524792
8430.555613607525,24.74840227324412
8147.355576671415,24.76473100611596
8309.214725914373,24.583649644209196
8123.505396102621,24.616077594287166
8123.505396102621,24.616077594287166
8123.505396102621,24.616077594287166
8372.041928940562,24.67622516681089
8724.441825334581,24.612820497854877
8422.967757685063,24.621058526876485
8422.967757685063,24.621058526876485
8422.967757685063,24.621058526876485
8422.967757685063,24.621058526876485
8422.967757685063,24.621058526876485
8422.967757685063,24.621058526876485
8422.967757685063,24.621058526876485
8422.967757685063,24.621058526876485
8422.967757685063,24.621058526876485
8422.967757685063,24.621058526876485
8508.437074099684,24.57713672455432
8508.437074099684,24.57713672455432
8508.437074099684,24.57713672455432
8480.497656357857,24.65637376372869
8480.497656357857,24.65637376372869
8480.497656357857,24.65637376372869
7780.298628904483,24.746603489928784
7673.105634458715,24.725102324524574
7673.105634458715,24.725102324524574
7673.105634458715,24.725102324524574
7673.105634458715,24.725102324524574
7673.105634458715,24.725102324524574
7673.105634458715,24.725102324524574
7673.105634458715,24.725102324524574
7673.105634458715,24.725102324524574
7673.105634458715,24.725102324524574
7673.105634458715,24.725102324524574
7673.105634458715,24.725102324524574
7673.105634458715,24.725102324524574
7673.105634458715,24.725102324524574
7816.135835791028,24.708031646266516
7816.135835791028,24.708031646266516
7955.245686795385,24.559786076482894
8034.201295615241,24.503734334214904
8314.644978416805,24.728811186452116
8314.644978416805,24.728811186452116
8314.644978416805,24.728811186452116
8314.644978416805,24.728811186452116
8008.520228788548,24.493601594541666
8164.001487022564,24.650458257994355
7723.379840165811,24.658105931160353
7723.379840165811,24.658105931160353
7723.379840165811,24.658105931160353
7740.211248523742,24.655971765735142
7740.211248523742,24.655971765735142
7740.211248523742,24.655971765735142
7926.7287823716615,24.741365284028454
7926.7287823716615,24.741365284028454
7928.542415581075,24.70192902393162
7928.542415581075,24.70192902393162
7895.047875172819,24.57734279871445
7895.047875172819,24.57734279871445
7895.047875172819,24.57734279871445
7895.047875172819,24.57734279871445
7895.047875172819,24.57734279871445
7895.047875172819,24.57734279871445
7895.047875172819,24.57734279871445
7895.047875172819,24.57734279871445
8194.596140518046,24.549972224627894
8046.920089823308,24.614863924344935
8046.920089823308,24.614863924344935
8046.920089823308,24.614863924344935
8046.920089823308,24.614863924344935
8046.920089823308,24.614863924344935
8046.920089823308,24.614863924344935
8046.920089823308,24.614863924344935
8046.920089823308,24.614863924344935
8046.920089823308,24.614863924344935
8048.314006968965,24.542243004214964
8048.314006968965,24.542243004214964
8048.314006968965,24.542243004214964
7314.751879886811,24.65875946042092
7381.092018785243,24.708387153394394
7381.092018785243,24.708387153394394
7621.428699015027,24.61898211437566
7621.428699015027,24.61898211437566
7249.59069113671,24.742804723643733
7249.59069113671,24.742804723643733
7249.59069113671,24.742804723643733
7183.280912727291,24.611096688428507
7183.280912727291,24.611096688428507
7183.280912727291,24.611096688428507
7224.1637191314885,24.71341153868706
7224.1637191314885,24.71341153868706
7224.1637191314885,24.71341153868706
7224.1637191314885,24.71341153868706
7224.1637191314885,24.71341153868706
7011.115433188377,24.616240490248167
7052.425381028952,24.78464736305026
7052.425381028952,24.78464736305026
6804.978301392948,24.59108657130096
6804.978301392948,24.59108657130096
6948.3146054943045,24.67066225220264
6948.3146054943045,24.67066225220264
6948.3146054943045,24.67066225220264
6948.3146054943045,24.67066225220264
6948.3146054943045,24.67066225220264
6839.5431413149,24.726787552884282
6839.5431413149,24.726787552884282
6839.5431413149,24.726787552884282
6614.64775632381,24.670758655878664
6614.64775632381,24.670758655878664
6614.64775632381,24.670758655878664
6614.64775632381,24.670758655878664
6614.64775632381,24.670758655878664
6614.64775632381,24.670758655878664
6614.64775632381,24.670758655878664
6614.64775632381,24.670758655878664
6614.64775632381,24.670758655878664
6614.64775632381,24.670758655878664
6614.64775632381,24.670758655878664
6614.64775632381,24.670758655878664
6614.64775632381,24.670758655878664
6614.64775632381,24.670758655878664
6614.64775632381,24.670758655878664
6614.64775632381,24.670758655878664
7513.986664030071,24.68689133742664
7513.986664030071,24.68689133742664
7513.986664030071,24.68689133742664
7513.986664030071,24.68689133742664
7898.313543104218,24.613681409248784
7898.313543104218,24.613681409248784
7898.313543104218,24.613681409248784
7738.783210652559,24.596591100454035
7738.783210652559,24.596591100454035
7738.783210652559,24.596591100454035
7738.783210652559,24.596591100454035
7738.783210652559,24.596591100454035
7738.783210652559,24.596591100454035
7738.783210652559,24.596591100454035
7643.4493788451155,24.64208969815203
7643.4493788451155,24.64208969815203
7643.4493788451155,24.64208969815203
7651.057437313325,24.60281773494383
7651.057437313325,24.60281773494383
7651.057437313325,24.60281773494383
7651.057437313325,24.60281773494383
7651.057437313325,24.60281773494383
7651.057437313325,24.60281773494383
7651.057437313325,24.60281773494383
7651.057437313325,24.60281773494383
7957.714109866565,24.684456548611244
8074.637055829499,24.56135152424459
8074.637055829499,24.56135152424459
8074.637055829499,24.56135152424459
8074.637055829499,24.56135152424459
8074.637055829499,24.56135152424459
8074.637055829499,24.56135152424459
8074.637055829499,24.56135152424459
8074.637055829499,24.56135152424459
8074.637055829499,24.56135152424459
7930.799041376716,24.695151694358717
7930.799041376716,24.695151694358717
7930.799041376716,24.695151694358717
7930.799041376716,24.695151694358717
7930.799041376716,24.695151694358717
7930.799041376716,24.695151694358717
7930.799041376716,24.695151694358717
7534.936664755668,24.656880960498242
7534.936664755668,24.656880960498242
7534.936664755668,24.656880960498242
7534.936664755668,24.656880960498242
7534.936664755668,24.656880960498242
7534.936664755668,24.656880960498242
7638.8797788339025,24.678771536176093
7638.8797788339025,24.678771536176093
7638.8797788339025,24.678771536176093
7638.8797788339025,24.678771536176093
7638.8797788339025,24.678771536176093
7583.44082288749,24.60240152270239
7583.44082288749,24.60240152270239
7597.142435347953,24.69175250210989
7597.142435347953,24.69175250210989
7597.142435347953,24.69175250210989
7597.142435347953,24.69175250210989
7597.142435347953,24.69175250210989
7597.142435347953,24.69175250210989
7597.142435347953,24.69175250210989
7597.142435347953,24.69175250210989
7597.142435347953,24.69175250210989
7597.142435347953,24.69175250210989
7597.142435347953,24.69175250210989
7597.142435347953,24.69175250210989
7519.778298546767,24.655047823041176
7519.778298546767,24.655047823041176
7519.778298546767,24.655047823041176
7519.778298546767,24.655047823041176
7519.778298546767,24.655047823041176
7519.778298546767,24.655047823041176
7519.778298546767,24.655047823041176
7519.778298546767,24.655047823041176
7519.778298546767,24.655047823041176
7519.778298546767,24.655047823041176
7519.778298546767,24.655047823041176
7732.418379237009,24.64025571821293
7732.418379237009,24.64025571821293
7732.418379237009,24.64025571821293
8208.34303363287,24.608543846917403
8208.34303363287,24.608543846917403
8208.34303363287,24.608543846917403
8208.34303363287,24.608543846917403
8208.34303363287,24.608543846917403
8208.34303363287,24.608543846917403
8325.307653878055,24.630225470486856
8325.307653878055,24.630225470486856
8083.851253293586,24.602322649695537
8083.851253293586,24.602322649695537
8083.851253293586,24.602322649695537
8083.851253293586,24.602322649695537
8083.851253293586,24.602322649695537
7284.564835539381,24.60565147885953
7284.564835539381,24.60565147885953
7284.564835539381,24.60565147885953
7489.288372434033,24.489631552220377
7427.14540156096,24.49402212382692
7427.14540156096,24.49402212382692
7427.382128073074,24.678718048606935
7427.382128073074,24.678718048606935
7427.382128073074,24.678718048606935
7427.382128073074,24.678718048606935
7370.538088980125,24.666380147267116
7370.538088980125,24.666380147267116
7370.538088980125,24.666380147267116
7849.141342828304,24.686360361570653
7849.141342828304,24.686360361570653
7849.141342828304,24.686360361570653
7849.141342828304,24.686360361570653
7849.141342828304,24.686360361570653
7649.921226854674,24.605084065738076
7636.877663883753,24.60751092229311
7232.870024132818,24.68819613134084
7232.870024132818,24.68819613134084
7232.870024132818,24.68819613134084
7232.870024132818,24.68819613134084
7361.569626390725,24.742610082831725
7258.958040466663,24.552114529114178
7258.958040466663,24.552114529114178
6765.415433327901,24.61511496264423
6765.415433327901,24.61511496264423
6765.415433327901,24.61511496264423
6765.415433327901,24.61511496264423
6765.415433327901,24.61511496264423
6765.415433327901,24.61511496264423
6765.415433327901,24.61511496264423
6765.415433327901,24.61511496264423
6765.415433327901,24.61511496264423
6765.415433327901,24.61511496264423
6765.415433327901,24.61511496264423
6855.766668372383,24.602915774661845
7269.1221030449415,24.536318015998823
7410.284061685851,24.83869661774349
6923.286584438146,24.531935980010733
6964.899249176171,24.519465210678796
6964.899249176171,24.519465210678796
6964.899249176171,24.519465210678796
7108.425295203045,24.810232504813676
7346.04835174816,24.81373690246896
7346.04835174816,24.81373690246896
7346.04835174816,24.81373690246896
7346.04835174816,24.81373690246896
7227.576699434947,24.702015990028297
7903.993728504167,24.489135297776127
7903.993728504167,24.489135297776127
7565.585046952334,24.595382535233362
7565.585046952334,24.595382535233362
7702.467204814596,24.61894892929141
7702.467204814596,24.61894892929141
7574.415611900844,24.629724007183064
7574.415611900844,24.629724007183064
7574.415611900844,24.629724007183064
7522.6032493663015,24.50959589300295
7099.291422905044,24.680502848138957
7099.291422905044,24.680502848138957
7211.839706819558,24.601337503551477
7389.903184119202,24.600244313076182
7389.903184119202,24.600244313076182
7389.903184119202,24.600244313076182
7475.968042099761,24.59803300951448
7475.968042099761,24.59803300951448
7775.470858543051,24.625526630224012
7620.630022233249,24.668350200044923
7620.630022233249,24.668350200044923
7620.630022233249,24.668350200044923
7620.630022233249,24.668350200044923
7620.630022233249,24.668350200044923
7620.630022233249,24.668350200044923
7620.630022233249,24.668350200044923
7620.630022233249,24.668350200044923
7620.630022233249,24.668350200044923
7620.630022233249,24.668350200044923
7620.630022233249,24.668350200044923
7620.630022233249,24.668350200044923
7620.630022233249,24.668350200044923
7632.459356699255,24.625354235899977
7632.459356699255,24.625354235899977
7632.459356699255,24.625354235899977
7632.459356699255,24.625354235899977
7632.459356699255,24.625354235899977
7632.459356699255,24.625354235899977
7632.459356699255,24.625354235899977
7632.459356699255,24.625354235899977
7632.459356699255,24.625354235899977
7632.459356699255,24.625354235899977
7632.459356699255,24.625354235899977
7632.459356699255,24.625354235899977
8082.52648916601,24.641734992382695
8082.52648916601,24.641734992382695
8082.52648916601,24.641734992382695
8082.52648916601,24.641734992382695
8082.52648916601,24.641734992382695
8082.52648916601,24.641734992382695
8082.52648916601,24.641734992382695
8082.52648916601,24.641734992382695
8094.220761242105,24.61872840352799
8094.220761242105,24.61872840352799
8094.220761242105,24.61872840352799
7877.144379385425,24.53321206382439
7877.144379385425,24.53321206382439
7877.144379385425,24.53321206382439
7877.144379385425,24.53321206382439
7877.144379385425,24.53321206382439
7652.9491026053,24.661791729376816
7652.9491026053,24.661791729376816
7652.9491026053,24.661791729376816
7652.9491026053,24.661791729376816
7652.9491026053,24.661791729376816
7652.9491026053,24.661791729376816
7359.422742715934,24.698919427853905
7359.422742715934,24.698919427853905
7359.422742715934,24.698919427853905
7540.119334287266,24.74129408015762
7540.119334287266,24.74129408015762
7540.119334287266,24.74129408015762
7540.119334287266,24.74129408015762
7540.119334287266,24.74129408015762
7540.119334287266,24.74129408015762
7664.005914910733,24.674850442675382
7664.005914910733,24.674850442675382
7664.005914910733,24.674850442675382
7664.005914910733,24.674850442675382
7997.448219648925,24.671856218116336
7906.106507853645,24.660837880688494
7906.106507853645,24.660837880688494
7906.106507853645,24.660837880688494
7906.106507853645,24.660837880688494
7906.106507853645,24.660837880688494
